0 0.31510594668489406 0.10322380657160571 0.02460697197539303 0.019218846869187848
0 0.22966507177033493 0.11810291382517049 0.02323991797676008 0.02169869807811531
0 0.47778537252221465 0.14414135151890886 0.0355434039644566 0.027898326100433975
0 0.3058783321941217 0.18970861748295104 0.08817498291182502 0.08059516429014259
0 0.4979494190020506 0.24085554866707998 0.08407382091592618 0.035337879727216366
0 0.16678058783321942 0.2554246745195288 0.012303485987696514 0.019838809671419714
0 0.24060150375939848 0.2786732796032238 0.05194805194805195 0.048977061376317424
0 0.5345181134654818 0.287042777433354 0.03007518796992481 0.038437693738375696
0 0.7453861927546138 0.33075015499070054 0.0430622009569378 0.0328580285182889
0 0.1797676008202324 0.34004959702417853 0.03007518796992481 0.03161810291382517
0 0.8516746411483254 0.3521388716676999 0.04921394395078606 0.024798512089274645
0 0.4747095010252905 0.3698078115313081 0.03759398496240601 0.019218846869187848
0 0.21223513328776486 0.4020458772473652 0.03896103896103896 0.06137631742095474
0 0.5929596719070404 0.38871667699938006 0.06493506493506493 0.02851828890266584
0 0.7785372522214627 0.3946063236205828 0.028708133971291867 0.02045877247365158
0 0.8198906356801093 0.481401115933044 0.03212576896787423 0.027898326100433975
0 0.9644565960355435 0.5058896466212027 0.025974025974025976 0.044637321760694355
0 0.930622009569378 0.49380037197768134 0.01161995898838004 0.013019218846869188
0 0.7761449077238551 0.5040297582145071 0.023923444976076555 0.029758214507129573
0 0.8998632946001367 0.5148791072535648 0.02939166097060834 0.029138251704897707
0 0.1749829118250171 0.5452572845629262 0.0683526999316473 0.07005579665220087
0 0.24504442925495556 0.5340979541227526 0.04442925495557074 0.02541847489150651
0 0.8072453861927547 0.5390576565406076 0.03144224196855776 0.027898326100433975
0 0.8694463431305537 0.5468071915685059 0.028708133971291867 0.023558586484810913
0 0.09056732740943267 0.5561066336019839 0.03896103896103896 0.02851828890266584
0 0.30861244019138756 0.6239925604463732 0.05673274094326726 0.0675759454432734
0 0.709501025290499 0.6336019838809671 0.043745727956254275 0.04215747055176689
0 0.3267259056732741 0.6658400495970241 0.0355434039644566 0.032238065716057036
0 0.5215311004784688 0.675759454432734 0.0355434039644566 0.019838809671419714
0 0.4439507860560492 0.71264724116553 0.05536568694463431 0.035337879727216366
0 0.8673957621326043 0.71264724116553 0.02460697197539303 0.02541847489150651
0 0.5160628844839371 0.7662740235585865 0.025974025974025976 0.01735895846249225
0 0.8178400546821599 0.7988220706757595 0.05673274094326726 0.050216986980781156
0 0.9128503075871497 0.7030378177309361 0.03349282296650718 0.02851828890266584
0 0.9241285030758715 0.6828890266584005 0.032809295967190705 0.029138251704897707
