0 0.4429254955570745 0.22163670179789213 0.03007518796992481 0.027898326100433975
0 0.5468215994531784 0.25108493490390577 0.00683526999316473 0.012399256044637322
0 0.29904306220095694 0.291692498450093 0.04442925495557074 0.04277743335399876
0 0.5912508544087491 0.2972721636701798 0.03691045796308954 0.03037817730936144
0 0.2781954887218045 0.2864228146311221 0.00683526999316473 0.006199628022318661
0 0.38516746411483255 0.3267203967761934 0.030758714969241284 0.021078735275883446
0 0.16438824333561175 0.342529448233106 0.05536568694463431 0.026658400495970243
0 0.2611073137388927 0.3530688158710477 0.07792207792207792 0.04277743335399876
0 0.6455912508544087 0.3481091134531928 0.023923444976076555 0.017978921264724116
0 0.9398496240601504 0.38406695598264107 0.021872863978127138 0.017978921264724116
0 0.4029391660970608 0.41103533787972724 0.05536568694463431 0.022318660880347178
0 0.6322624743677375 0.42157470551766896 0.032809295967190705 0.02727836329820211
0 0.2621326042378674 0.42715437073775575 0.053998632946001365 0.03595784252944823
0 0.6004784688995215 0.444513329200248 0.04579630895420369 0.04587724736515809
0 0.7255639097744361 0.4510229386236826 0.05263157894736842 0.034097954122752634
0 0.3820915926179084 0.4513329200247985 0.02323991797676008 0.012399256044637322
0 0.7593984962406015 0.5291382517048977 0.03144224196855776 0.02541847489150651
0 0.666097060833903 0.541847489150651 0.023923444976076555 0.022318660880347178
0 0.0786056049213944 0.5595164290142591 0.03144224196855776 0.02417854928704278
0 0.8574846206425154 0.5700557966522009 0.026657552973342446 0.02417854928704278
0 0.9388243335611757 0.620272783632982 0.041695146958304855 0.04401735895846249
0 0.8933697881066303 0.6298822070675759 0.02734107997265892 0.029758214507129573
0 0.8506493506493507 0.6695598264104153 0.028024606971975393 0.021078735275883446
0 0.9446343130553657 0.7017978921264724 0.03691045796308954 0.02851828890266584
0 0.7047163362952836 0.7030378177309361 0.019138755980861243 0.01735895846249225
0 0.9938482570061518 0.7228766274023558 0.012303485987696514 0.026038437693738377
0 0.9699248120300752 0.7309361438313701 0.03417634996582365 0.02851828890266584
0 0.9528366370471634 0.7932424054556727 0.09432672590567327 0.03037817730936144
