0 0.31715652768284347 0.10291382517048978 0.02460697197539303 0.019838809671419714
0 0.22795625427204375 0.11717296962182269 0.030758714969241284 0.02851828890266584
0 0.47607655502392343 0.1453812771233726 0.036226930963773066 0.027898326100433975
0 0.3017771701982228 0.18474891506509608 0.11688311688311688 0.10043397396156231
0 0.5023923444976076 0.23868567885926845 0.07382091592617908 0.026038437693738377
0 0.16883116883116883 0.25356478611283323 0.009569377990430622 0.01735895846249225
0 0.24025974025974026 0.27991320520768753 0.04989747095010253 0.04401735895846249
0 0.5369104579630896 0.2879727216367018 0.02939166097060834 0.0365778053316801
0 0.7491455912508544 0.32982021078735274 0.039644565960355434 0.030998140111593304
0 0.17942583732057416 0.33942963422194666 0.026657552973342446 0.027898326100433975
0 0.47812713602187285 0.36949783013019216 0.0430622009569378 0.018598884066955982
0 0.21189336978810663 0.4014259144451333 0.03827751196172249 0.05517668939863608
0 0.5987696514012304 0.38964662120272786 0.06698564593301436 0.027898326100433975
0 0.7778537252221462 0.3946063236205828 0.032809295967190705 0.02169869807811531
0 0.816473000683527 0.4823310601363918 0.030758714969241284 0.02727836329820211
0 0.1038961038961039 0.4820210787352759 0.015037593984962405 0.011779293242405457
0 0.9302802460697197 0.4925604463732176 0.02050580997949419 0.02169869807811531
0 0.9634313055365687 0.5030998140111593 0.028024606971975393 0.04401735895846249
0 0.7744360902255639 0.5040297582145071 0.02323991797676008 0.02851828890266584
0 0.9005468215994532 0.5148791072535648 0.025290498974709502 0.026658400495970243
0 0.17259056732740943 0.5483570985740855 0.06630211893369788 0.07005579665220087
0 0.24606971975393027 0.5350278983261004 0.04237867395762133 0.026038437693738377
0 0.8065618591934381 0.5384376937383757 0.03007518796992481 0.02541847489150651
0 0.8687628161312372 0.546187228766274 0.028708133971291867 0.023558586484810913
0 0.09090909090909091 0.555486670799752 0.03691045796308954 0.02851828890266584
0 0.30656185919343815 0.6239925604463732 0.06220095693779904 0.06881587104773713
0 0.7091592617908408 0.633911965282083 0.041695146958304855 0.03905765654060756
0 0.3257006151742994 0.6658400495970241 0.03759398496240601 0.0347179169249845
0 0.5256322624743678 0.6754494730316181 0.025974025974025976 0.017978921264724116
0 0.9241285030758715 0.6791692498450093 0.032809295967190705 0.02417854928704278
0 0.9128503075871497 0.703657780533168 0.030758714969241284 0.026038437693738377
0 0.943609022556391 0.7030378177309361 0.023923444976076555 0.018598884066955982
0 0.4463431305536569 0.7132672039677619 0.04921394395078606 0.0328580285182889
0 0.8680792891319207 0.71264724116553 0.02460697197539303 0.02541847489150651
0 0.5170881749829118 0.7659640421574706 0.025290498974709502 0.017978921264724116
0 0.8212576896787424 0.7954122752634842 0.05809979494190021 0.05083694978301302
