0 0.29460013670539986 0.10446373217606944 0.04237867395762133 0.02045877247365158
0 0.5099111414900889 0.10198388096714198 0.028708133971291867 0.011779293242405457
0 0.7122351332877649 0.19621822690638563 0.032809295967190705 0.017978921264724116
0 0.8933697881066303 0.25108493490390577 0.03827751196172249 0.03347799132052077
0 0.49487354750512647 0.2699938003719777 0.03417634996582365 0.027898326100433975
0 0.9784688995215312 0.3013019218846869 0.030758714969241284 0.018598884066955982
0 0.4538619275461381 0.30998140111593303 0.028708133971291867 0.01735895846249225
0 0.26349965823650034 0.3530688158710477 0.030758714969241284 0.026658400495970243
0 0.4613807245386193 0.36763794172349656 0.0710868079289132 0.04339739615623062
0 0.34518113465481887 0.3577185368877867 0.0177717019822283 0.019838809671419714
0 0.8376623376623377 0.3756974581525109 0.014354066985645933 0.011159330440173589
0 0.7074504442925496 0.37817730936143834 0.019138755980861243 0.013639181649101054
0 0.6244019138755981 0.4504029758214507 0.23855092276144907 0.11221326720396776
0 0.8848257006151743 0.44017358958462494 0.059466848940533154 0.06199628022318661
0 0.32365003417634997 0.4643521388716677 0.04032809295967191 0.04339739615623062
0 0.8226247436773753 0.45536267823930565 0.02939166097060834 0.02417854928704278
0 0.10013670539986329 0.4662120272783633 0.02939166097060834 0.026038437693738377
0 0.842447026657553 0.5220086794792312 0.09227614490772386 0.05827650340979541
0 0.2604237867395762 0.5077495350278983 0.050580997949419004 0.026038437693738377
0 0.9511278195488722 0.54649721016739 0.02939166097060834 0.08865468071915684
0 0.20676691729323307 0.5170489770613763 0.019822282980177717 0.019838809671419714
0 0.6910457963089542 0.5604463732176069 0.02050580997949419 0.02727836329820211
0 0.6572112098427888 0.5793552386856788 0.05809979494190021 0.05765654060756355
0 0.3250170881749829 0.574085554866708 0.053998632946001365 0.03595784252944823
0 0.08885850991114148 0.5716057036577805 0.0355434039644566 0.02727836329820211
0 0.16814764183185235 0.5867947923124612 0.06698564593301436 0.040297582145071294
0 0.722488038277512 0.6181029138251705 0.03417634996582365 0.05579665220086795
0 0.5950102529049898 0.6354618722876627 0.060833902939166094 0.059516429014259145
0 0.20061517429938483 0.6494110353378797 0.04989747095010253 0.015499070055796652
0 0.06869446343130553 0.6921884686918784 0.07450444292549556 0.026658400495970243
0 0.8632946001367054 0.717606943583385 0.028708133971291867 0.029138251704897707
0 0.11551606288448393 0.717606943583385 0.02323991797676008 0.017978921264724116
0 0.16438824333561175 0.7365158090514569 0.03759398496240601 0.032238065716057036
0 0.2693096377306904 0.7389956602603843 0.04237867395762133 0.030998140111593304
0 0.4384825700615174 0.7349659020458772 0.036226930963773066 0.017978921264724116
0 0.5003417634996582 0.7520148791072536 0.025974025974025976 0.019838809671419714
0 0.949419002050581 0.8025418474891507 0.10116199589883801 0.05145691258524489
0 0.9172932330827067 0.8744575325480471 0.16541353383458646 0.15809051456912585
0 0.9210526315789473 0.7148171109733416 0.04442925495557074 0.04215747055176689
0 0.9285714285714286 0.675759454432734 0.05536568694463431 0.03595784252944823
