0 0.3181818181818182 0.10446373217606944 0.022556390977443608 0.02169869807811531
0 0.22898154477101845 0.11717296962182269 0.03144224196855776 0.02727836329820211
0 0.3028024606971975 0.1869187848729076 0.12576896787423103 0.1097334159950403
0 0.474025974025974 0.14755114693118412 0.03759398496240601 0.02851828890266584
0 0.5041011619958988 0.23992560446373218 0.06493506493506493 0.021078735275883446
0 0.16712235133287764 0.25573465592064476 0.012987012987012988 0.017978921264724116
0 0.24128503075871496 0.28084314941103533 0.04784688995215311 0.04215747055176689
0 0.5396445659603555 0.2907625542467452 0.03212576896787423 0.03595784252944823
0 0.23615857826384143 0.3183508989460632 0.021189336978810664 0.016738995660260384
0 0.7532467532467533 0.32982021078735274 0.03827751196172249 0.030998140111593304
0 0.18010936431989064 0.34097954122752633 0.023923444976076555 0.024798512089274645
0 0.4815447710184552 0.3688778673279603 0.04442925495557074 0.019838809671419714
0 0.21360218728639782 0.39894606323620585 0.036226930963773066 0.04649721016738995
0 0.6052631578947368 0.3921264724116553 0.06220095693779904 0.027898326100433975
0 0.7805878332194122 0.3949163050216987 0.032809295967190705 0.022318660880347178
0 0.8157894736842105 0.48450092994420335 0.030758714969241284 0.027898326100433975
0 0.10833902939166097 0.4869807811531308 0.019822282980177717 0.02045877247365158
0 0.9654818865345182 0.49566026038437694 0.028024606971975393 0.03781773093614383
0 0.9309637730690362 0.4941103533787973 0.025974025974025976 0.02727836329820211
0 0.7751196172248804 0.504649721016739 0.021872863978127138 0.02727836329820211
0 0.9015721120984279 0.5158090514569126 0.02323991797676008 0.024798512089274645
0 0.17259056732740943 0.54649721016739 0.06220095693779904 0.06261624302541847
0 0.24982911825017087 0.5362678239305642 0.034859876965140126 0.023558586484810913
0 0.8058783321941216 0.5390576565406076 0.019138755980861243 0.019218846869187848
0 0.8694463431305537 0.5480471171729696 0.02734107997265892 0.024798512089274645
0 0.09159261790840738 0.5567265964042157 0.03691045796308954 0.02851828890266584
0 0.3051948051948052 0.6264724116553007 0.063568010936432 0.0675759454432734
0 0.7112098427887902 0.6336019838809671 0.03759398496240601 0.03595784252944823
0 0.3257006151742994 0.6661500309981401 0.03896103896103896 0.035337879727216366
0 0.9244702665755298 0.6791692498450093 0.034859876965140126 0.026658400495970243
0 0.5297334244702666 0.6742095474271543 0.02050580997949419 0.013019218846869188
0 0.9142173615857826 0.7045877247365158 0.028024606971975393 0.02417854928704278
0 0.9442925495557074 0.7055176689398636 0.030758714969241284 0.023558586484810913
0 0.4463431305536569 0.7141971481711097 0.04237867395762133 0.02851828890266584
0 0.8687628161312372 0.712957222566646 0.02460697197539303 0.026038437693738377
0 0.518796992481203 0.7684438933663981 0.02323991797676008 0.017978921264724116
0 0.8226247436773753 0.7938623682579046 0.05809979494190021 0.05269683818970862
