0 0.43267259056732743 0.06230626162430254 0.02460697197539303 0.017978921264724116
0 0.2617908407382092 0.0929944203347799 0.028708133971291867 0.022318660880347178
0 0.6876281613123718 0.1912585244885307 0.02734107997265892 0.016738995660260384
0 0.8523581681476419 0.23961562306261625 0.032809295967190705 0.02169869807811531
0 0.8933697881066303 0.25108493490390577 0.02323991797676008 0.022318660880347178
0 0.47265892002734106 0.27340359578425294 0.030758714969241284 0.024798512089274645
0 0.5112781954887218 0.28301301921884686 0.039644565960355434 0.034097954122752634
0 0.5806561859193438 0.2814631122132672 0.053998632946001365 0.029758214507129573
0 0.9924812030075187 0.27898326100433973 0.015037593984962405 0.024798512089274645
0 0.4268626110731374 0.31680099194048356 0.025290498974709502 0.019838809671419714
0 0.28810663021189337 0.3267203967761934 0.01845522898154477 0.013639181649101054
0 0.3885850991114149 0.33632982021078733 0.034859876965140126 0.02541847489150651
0 0.5721120984278879 0.3360198388096714 0.021872863978127138 0.019838809671419714
0 0.6408065618591935 0.3462492250464972 0.041695146958304855 0.0328580285182889
0 0.577922077922078 0.37817730936143834 0.036226930963773066 0.026038437693738377
0 0.7826384142173616 0.39057656540607566 0.03827751196172249 0.023558586484810913
0 0.9104579630895421 0.4293242405455673 0.04237867395762133 0.03781773093614383
0 0.9596719070403281 0.4615623062616243 0.04921394395078606 0.04277743335399876
0 0.8667122351332878 0.4913205207687539 0.12166780587833219 0.08245505269683819
0 0.6004784688995215 0.5043397396156231 0.1346548188653452 0.03905765654060756
0 0.20745044429254955 0.5179789212647241 0.03759398496240601 0.02417854928704278
0 0.08885850991114148 0.5824550526968382 0.028708133971291867 0.029138251704897707
0 0.3274094326725906 0.5936143831370118 0.032809295967190705 0.03905765654060756
0 0.5116199589883801 0.6026038437693738 0.036226930963773066 0.024798512089274645
0 0.4374572795625427 0.6277123372597644 0.04101161995898838 0.034097954122752634
0 0.8691045796308954 0.6298822070675759 0.04032809295967191 0.01735895846249225
0 0.9483937115516062 0.6422814631122132 0.02939166097060834 0.032238065716057036
0 0.4258373205741627 0.6717296962182269 0.0710868079289132 0.048977061376317424
0 0.9063568010936432 0.6779293242405455 0.019138755980861243 0.01425914445133292
0 0.07245386192754613 0.684748915065096 0.025974025974025976 0.02169869807811531
0 0.22385509227614492 0.7005579665220086 0.03349282296650718 0.038437693738375696
0 0.7221462747778538 0.7476751394916304 0.14285714285714285 0.09919404835709858
0 0.8591934381408065 0.7234965902045877 0.03417634996582365 0.02727836329820211
0 0.14627477785372522 0.7284562926224426 0.019138755980861243 0.023558586484810913
0 0.47368421052631576 0.735895846249225 0.028708133971291867 0.016119032858028518
0 0.08270676691729323 0.7414755114693118 0.03417634996582365 0.022318660880347178
0 0.2928913192071087 0.7656540607563547 0.04989747095010253 0.030998140111593304
0 0.6110731373889269 0.8121512709237446 0.03144224196855776 0.024798512089274645
0 0.6240601503759399 0.8663980161190329 0.07928913192071087 0.07625542467451953
0 0.9049897470950102 0.9683818970861748 0.016404647983595352 0.008679479231246125
0 0.5211893369788106 0.5579665220086795 0.059466848940533154 0.021078735275883446
0 0.5095693779904307 0.5390576565406076 0.028024606971975393 0.022938623682579044
