0 0.23923444976076555 0.056416615003099815 0.01367053998632946 0.013639181649101054
0 0.30963773069036227 0.10477371357718537 0.02460697197539303 0.01735895846249225
0 0.48564593301435405 0.13298202107873527 0.036226930963773066 0.029138251704897707
0 0.48462064251537934 0.24984500929944203 0.09979494190020506 0.03967761934283943
0 0.4053315105946685 0.25759454432734036 0.03007518796992481 0.026658400495970243
0 0.24060150375939848 0.282393056416615 0.04647983595352016 0.04277743335399876
0 0.5263157894736842 0.2786732796032238 0.03007518796992481 0.0328580285182889
0 0.734107997265892 0.33539987600743953 0.04237867395762133 0.0347179169249845
0 0.18079289131920712 0.3434593924364538 0.026657552973342446 0.02851828890266584
0 0.8503075871496925 0.35709857408555484 0.08475734791524266 0.03347799132052077
0 0.575187969924812 0.3880967141971482 0.060833902939166094 0.032238065716057036
0 0.21120984278879015 0.3992560446373218 0.03144224196855776 0.03967761934283943
0 0.7238550922761449 0.39150650960942346 0.02734107997265892 0.017978921264724116
0 0.49384825700615176 0.4504029758214507 0.03212576896787423 0.0328580285182889
0 0.4319890635680109 0.4643521388716677 0.06425153793574846 0.03347799132052077
0 0.836637047163363 0.47055176689398637 0.03417634996582365 0.029758214507129573
0 0.7840054682159945 0.49752014879107254 0.028708133971291867 0.026658400495970243
0 0.32365003417634997 0.51828890266584 0.11825017088174983 0.06075635461872288
0 0.8947368421052632 0.5108493490390577 0.0355434039644566 0.03595784252944823
0 0.7050580997949419 0.5154990700557966 0.02939166097060834 0.03905765654060756
0 0.9688995215311005 0.5340979541227526 0.03349282296650718 0.04773713577185369
0 0.23410799726589201 0.5313081215127092 0.048530416951469584 0.02851828890266584
0 0.8072453861927547 0.5409175449473032 0.0355434039644566 0.0328580285182889
0 0.8697881066302119 0.546187228766274 0.03212576896787423 0.02727836329820211
0 0.09295967190704033 0.5598264104153751 0.03417634996582365 0.02851828890266584
0 0.5263157894736842 0.569125852448853 0.04647983595352016 0.044637321760694355
0 0.19275461380724537 0.5666460012399256 0.03417634996582365 0.024798512089274645
0 0.34962406015037595 0.5951642901425914 0.030758714969241284 0.024798512089274645
0 0.3133971291866029 0.624922504649721 0.036226930963773066 0.047117172969621826
0 0.7077922077922078 0.6326720396776193 0.047163362952836636 0.04525728456292622
0 0.33116883116883117 0.6667699938003719 0.01161995898838004 0.013019218846869188
0 0.5099111414900889 0.6785492870427774 0.04647983595352016 0.022938623682579044
0 0.42822966507177035 0.703657780533168 0.07313738892686261 0.04091754494730316
0 0.8636363636363636 0.7145071295722256 0.025290498974709502 0.02541847489150651
0 0.5119617224880383 0.7665840049597025 0.02734107997265892 0.01425914445133292
0 0.8082706766917294 0.8192808431494111 0.048530416951469584 0.034097954122752634
0 0.981203007518797 0.8419094854308742 0.03759398496240601 0.030998140111593304
0 0.9282296650717703 0.6900185988840669 0.03007518796992481 0.026038437693738377
0 0.9094326725905674 0.7030378177309361 0.03759398496240601 0.03347799132052077
