0 0.3202323991797676 0.10198388096714198 0.017088174982911826 0.015499070055796652
0 0.4709501025290499 0.15437073775573465 0.03827751196172249 0.029758214507129573
0 0.23991797676008203 0.2814631122132672 0.03144224196855776 0.03347799132052077
0 0.5485304169514695 0.29417234965902045 0.03759398496240601 0.035337879727216366
0 0.6975393028024607 0.30936143831370116 0.028024606971975393 0.02727836329820211
0 0.23786739576213262 0.3180409175449473 0.032809295967190705 0.029758214507129573
0 0.7604237867395762 0.3295102293862368 0.03896103896103896 0.027898326100433975
0 0.4945317840054682 0.36670799752014877 0.04989747095010253 0.02045877247365158
0 0.6278195488721805 0.3992560446373218 0.048530416951469584 0.032238065716057036
0 0.7867395762132604 0.3949163050216987 0.03827751196172249 0.023558586484810913
0 0.9699248120300752 0.4838809671419715 0.028708133971291867 0.040297582145071294
0 0.11414900888585099 0.49287042777433354 0.03417634996582365 0.03595784252944823
0 0.8075871496924129 0.4897706137631742 0.028024606971975393 0.026038437693738377
0 0.9275461380724539 0.49473031618102914 0.03827751196172249 0.032238065716057036
0 0.773069036226931 0.5074395536267824 0.016404647983595352 0.019218846869187848
0 0.8995215311004785 0.5179789212647241 0.010936431989063569 0.011779293242405457
0 0.8687628161312372 0.5502169869807811 0.028708133971291867 0.02541847489150651
0 0.09056732740943267 0.5551766893986361 0.03759398496240601 0.02417854928704278
0 0.7105263157894737 0.634221946683199 0.019822282980177717 0.019838809671419714
0 0.2836637047163363 0.6484810911345319 0.05331510594668489 0.03595784252944823
0 0.3219412166780588 0.6661500309981401 0.039644565960355434 0.0365778053316801
0 0.9254955570745045 0.675759454432734 0.039644565960355434 0.02851828890266584
0 0.2672590567327409 0.6890886546807191 0.02050580997949419 0.02417854928704278
0 0.9460013670539986 0.7055176689398636 0.04784688995215311 0.0347179169249845
0 0.8711551606288448 0.7117172969621822 0.023923444976076555 0.02851828890266584
0 0.8075871496924129 0.7089274643521388 0.025290498974709502 0.02169869807811531
0 0.9166097060833903 0.7039677619342839 0.010936431989063569 0.010539367637941723
0 0.8270676691729323 0.7879727216367018 0.05331510594668489 0.052076875387476754
0 0.2607655502392344 0.148171109733416 0.07997265892002735 0.07439553626782393
0 0.33287764866712233 0.2185368877867328 0.08475734791524266 0.08493490390576565
0 0.5215311004784688 0.7706137631742096 0.021872863978127138 0.019838809671419714
0 0.536226930963773 0.7755734655920645 0.019822282980177717 0.018598884066955982
