0 0.3390293916609706 0.14228146311221326 0.04237867395762133 0.017978921264724116
0 0.4548872180451128 0.1921884686918785 0.030758714969241284 0.037197768133911964
0 0.6408065618591935 0.24147551146931184 0.026657552973342446 0.017978921264724116
0 0.5816814764183186 0.3000619962802232 0.032809295967190705 0.029758214507129573
0 0.37115516062884485 0.31215127092374456 0.019138755980861243 0.016738995660260384
0 0.8092959671907041 0.3360198388096714 0.0355434039644566 0.026038437693738377
0 0.9706083390293917 0.34872907625542465 0.019138755980861243 0.02169869807811531
0 0.6408065618591935 0.3490390576565406 0.019822282980177717 0.014879107253564786
0 0.23444976076555024 0.3601983880967142 0.056049213943950786 0.021078735275883446
0 0.36568694463431306 0.39615623062616245 0.021872863978127138 0.011159330440173589
0 0.6264524948735475 0.4237445753254805 0.04442925495557074 0.04277743335399876
0 0.8304853041695147 0.42715437073775575 0.04101161995898838 0.03967761934283943
0 0.6862611073137389 0.43180409175449475 0.04647983595352016 0.03905765654060756
0 0.6486671223513328 0.4559826410415375 0.03417634996582365 0.022938623682579044
0 0.777511961722488 0.5179789212647241 0.03349282296650718 0.026658400495970243
0 0.29562542720437457 0.5223186608803472 0.03896103896103896 0.02417854928704278
0 0.1732740943267259 0.546187228766274 0.041695146958304855 0.032238065716057036
0 0.08475734791524266 0.5564166150030998 0.03417634996582365 0.02541847489150651
0 0.8622693096377307 0.5657160570365778 0.026657552973342446 0.026658400495970243
0 0.12884483937115515 0.6270923744575325 0.03896103896103896 0.03905765654060756
0 0.7142857142857143 0.6422814631122132 0.03007518796992481 0.04215747055176689
0 0.3913192071086808 0.6670799752014879 0.026657552973342446 0.030998140111593304
0 0.8462064251537936 0.6726596404215747 0.039644565960355434 0.04339739615623062
0 0.9675324675324676 0.6841289522628642 0.06493506493506493 0.05269683818970862
0 0.3079289131920711 0.6838189708617483 0.03349282296650718 0.023558586484810913
0 0.6623376623376623 0.7052076875387476 0.04784688995215311 0.0365778053316801
0 0.8010936431989063 0.7067575945443273 0.032809295967190705 0.026038437693738377
0 0.8790157211209843 0.7194668319900805 0.01367053998632946 0.011779293242405457
0 0.8848257006151743 0.7743335399876008 0.047163362952836636 0.030998140111593304
0 0.3069036226930964 0.4473031618102914 0.07382091592617908 0.0365778053316801
0 0.39815447710184554 0.4727216367017979 0.11825017088174983 0.05765654060756355
0 0.5642515379357484 0.23372597644141352 0.05673274094326726 0.04339739615623062
0 0.5833902939166097 0.23806571605703658 0.041695146958304855 0.0347179169249845
0 0.2822966507177033 0.12957222566646 0.03007518796992481 0.016119032858028518
0 0.25051264524948735 0.13856168629882207 0.036226930963773066 0.02417854928704278
0 0.9945317840054683 0.7241165530068195 0.009569377990430622 0.023558586484810913
0 0.9730006835269993 0.7290762554246745 0.03896103896103896 0.030998140111593304
