0 0.2993848257006152 0.10384376937383757 0.03007518796992481 0.017978921264724116
0 0.5003417634996582 0.11128332300061997 0.03691045796308954 0.017978921264724116
0 0.42378673957621327 0.15499070055796652 0.0355434039644566 0.02727836329820211
0 0.7279562542720438 0.1931184128952263 0.025974025974025976 0.019218846869187848
0 0.38550922761449075 0.2467451952882827 0.032809295967190705 0.029758214507129573
0 0.50580997949419 0.27247365158090514 0.03827751196172249 0.0328580285182889
0 0.46308954203691044 0.3106013639181649 0.026657552973342446 0.01735895846249225
0 0.9747095010252905 0.31215127092374456 0.02323991797676008 0.016738995660260384
0 0.2761449077238551 0.347179169249845 0.015037593984962405 0.014879107253564786
0 0.36021872863978127 0.3632982021078735 0.025974025974025976 0.01735895846249225
0 0.5020505809979494 0.37538747675139494 0.06766917293233082 0.027898326100433975
0 0.7166780587833219 0.38406695598264107 0.03349282296650718 0.029138251704897707
0 0.3154477101845523 0.44389336639801613 0.06220095693779904 0.07935523868567886
0 0.9442925495557074 0.4786112833230006 0.0430622009569378 0.14755114693118412
0 0.6476418318523581 0.44792312461252326 0.10457963089542037 0.056416615003099815
0 0.8725222146274778 0.44668319900805953 0.05536568694463431 0.05145691258524489
0 0.1507177033492823 0.45257284562926225 0.12371838687628162 0.04959702417854929
0 0.8082706766917294 0.4690018598884067 0.03349282296650718 0.03037817730936144
0 0.8831168831168831 0.5030998140111593 0.045112781954887216 0.03161810291382517
0 0.21189336978810663 0.5226286422814631 0.043745727956254275 0.037197768133911964
0 0.5765550239234449 0.5189088654680719 0.007518796992481203 0.0049597024178549285
0 0.8585099111414901 0.5378177309361438 0.03417634996582365 0.027898326100433975
0 0.7071086807928914 0.5743955362678239 0.034859876965140126 0.08865468071915684
0 0.21770334928229665 0.56478611283323 0.10731373889268626 0.04959702417854929
0 0.09090909090909091 0.5706757594544327 0.03007518796992481 0.02417854928704278
0 0.66473000683527 0.5815251084934904 0.04579630895420369 0.03967761934283943
0 0.9818865345181135 0.573775573465592 0.01845522898154477 0.016738995660260384
0 0.33526999316473 0.5796652200867948 0.03759398496240601 0.026038437693738377
0 0.5697197539302803 0.601983880967142 0.06493506493506493 0.04959702417854929
0 0.04613807245386193 0.6515809051456912 0.04442925495557074 0.04091754494730316
0 0.911825017088175 0.6800991940483571 0.03827751196172249 0.02851828890266584
0 0.4880382775119617 0.6838189708617483 0.02050580997949419 0.012399256044637322
0 0.9237867395762133 0.7061376317420954 0.034859876965140126 0.0347179169249845
0 0.031784005468216 0.7008679479231246 0.036226930963773066 0.017978921264724116
0 0.8626110731373889 0.7145071295722256 0.03007518796992481 0.026658400495970243
0 0.4289131920710868 0.7290762554246745 0.09637730690362269 0.037197768133911964
0 0.1114149008885851 0.7203967761934283 0.025974025974025976 0.014879107253564786
0 0.50580997949419 0.7569745815251085 0.02323991797676008 0.016119032858028518
0 0.9634313055365687 0.810291382517049 0.07313738892686261 0.04215747055176689
0 0.9425837320574163 0.8688778673279604 0.11483253588516747 0.11097334159950403
