0 0.4299384825700615 0.06323620582765034 0.03417634996582365 0.014879107253564786
0 0.2706766917293233 0.09764414135151891 0.032809295967190705 0.02169869807811531
0 0.6948051948051948 0.1912585244885307 0.025290498974709502 0.016738995660260384
0 0.859876965140123 0.23651580905145692 0.02734107997265892 0.02169869807811531
0 0.8954203691045797 0.24891506509609423 0.03827751196172249 0.0365778053316801
0 0.48017771701982226 0.2693738375697458 0.03759398496240601 0.02417854928704278
0 0.9688995215311005 0.29231246125232485 0.026657552973342446 0.017978921264724116
0 0.4343814080656186 0.3127712337259764 0.023923444976076555 0.019218846869187848
0 0.4036226930963773 0.34097954122752633 0.03896103896103896 0.029758214507129573
0 0.5799726589200274 0.3341599504029758 0.01161995898838004 0.013639181649101054
0 0.6384142173615858 0.34500929944203346 0.016404647983595352 0.01425914445133292
0 0.8185235816814764 0.3775573465592065 0.0430622009569378 0.02727836329820211
0 0.764524948735475 0.39429634221946686 0.036226930963773066 0.023558586484810913
0 0.9036226930963773 0.4314941103533788 0.050580997949419004 0.047117172969621826
0 0.9600136705399863 0.4593924364538128 0.04579630895420369 0.04091754494730316
0 0.8547505126452495 0.481401115933044 0.021189336978810664 0.019218846869187848
0 0.10526315789473684 0.48450092994420335 0.01367053998632946 0.009299442033477991
0 0.6729323308270677 0.5024798512089275 0.20300751879699247 0.035337879727216366
0 0.881408065618592 0.4972101673899566 0.014354066985645933 0.009919404835709857
0 0.22214627477785373 0.5145691258524488 0.045112781954887216 0.026038437693738377
0 0.2928913192071087 0.5629262244265344 0.01161995898838004 0.011159330440173589
0 0.08680792891319207 0.5753254804711717 0.03417634996582365 0.032238065716057036
0 0.33116883116883117 0.601983880967142 0.034859876965140126 0.03967761934283943
0 0.9449760765550239 0.6181029138251705 0.03212576896787423 0.04215747055176689
0 0.8619275461380724 0.6233725976441413 0.03144224196855776 0.019218846869187848
0 0.10799726589200273 0.6267823930564166 0.03417634996582365 0.021078735275883446
0 0.9859876965140123 0.6853688778673279 0.028024606971975393 0.11717296962182269
0 0.4316473000683527 0.6717296962182269 0.048530416951469584 0.040297582145071294
0 0.15550239234449761 0.6782393056416615 0.04989747095010253 0.021078735275883446
0 0.728298017771702 0.7439553626782393 0.20027341079972658 0.1351518908865468
0 0.20471633629528366 0.7117172969621822 0.036226930963773066 0.03967761934283943
0 0.861244019138756 0.7213267203967761 0.0355434039644566 0.027898326100433975
0 0.13602187286397813 0.7238065716057036 0.025974025974025976 0.02169869807811531
0 0.0758714969241285 0.7374457532548047 0.03144224196855776 0.017978921264724116
0 0.4815447710184552 0.735895846249225 0.025290498974709502 0.014879107253564786
0 0.2826384142173616 0.7563546187228767 0.048530416951469584 0.03347799132052077
0 0.9005468215994532 0.9606323620582765 0.025290498974709502 0.011779293242405457
0 0.5222146274777854 0.5288282703037818 0.04101161995898838 0.021078735275883446
0 0.5328092959671907 0.546187228766274 0.03759398496240601 0.019838809671419714
