0 0.23855092276144907 0.05610663360198388 0.012303485987696514 0.006819590824550527
0 0.3127136021872864 0.10322380657160571 0.023923444976076555 0.017978921264724116
0 0.4825700615174299 0.13763174209547427 0.03417634996582365 0.02727836329820211
0 0.49384825700615176 0.2430254184748915 0.0936431989063568 0.0347179169249845
0 0.40874914559125086 0.2563546187228766 0.02460697197539303 0.02417854928704278
0 0.24025974025974026 0.28177309361438313 0.05126452494873548 0.04649721016738995
0 0.5290498974709501 0.2814631122132672 0.02734107997265892 0.0347179169249845
0 0.7368421052631579 0.3341599504029758 0.045112781954887216 0.0347179169249845
0 0.18010936431989064 0.3406695598264104 0.030758714969241284 0.0328580285182889
0 0.8520164046479836 0.35523868567885925 0.0758714969241285 0.03595784252944823
0 0.21086807928913193 0.40266584004959705 0.036226930963773066 0.06137631742095474
0 0.5820232399179768 0.38840669559826413 0.059466848940533154 0.0328580285182889
0 0.7235133287764867 0.3899566026038438 0.022556390977443608 0.016119032858028518
0 0.7771701982228298 0.39243645381277126 0.015037593984962405 0.013639181649101054
0 0.49384825700615176 0.4510229386236826 0.022556390977443608 0.02417854928704278
0 0.8308270676691729 0.47489150650960943 0.036226930963773066 0.02851828890266584
0 0.7799043062200957 0.5003099814011159 0.02460697197539303 0.02727836329820211
0 0.8967874231032126 0.5120892746435214 0.0355434039644566 0.03595784252944823
0 0.7043745727956254 0.5108493490390577 0.025290498974709502 0.024798512089274645
0 0.9658236500341764 0.5247985120892746 0.028708133971291867 0.05269683818970862
0 0.3099794941900205 0.5192188468691878 0.05809979494190021 0.027898326100433975
0 0.23957621326042378 0.5319280843149411 0.048530416951469584 0.02727836329820211
0 0.8072453861927547 0.5402975821450713 0.03691045796308954 0.034097954122752634
0 0.18557758031442242 0.555486670799752 0.05263157894736842 0.05455672659640422
0 0.8704716336295284 0.546187228766274 0.03212576896787423 0.02727836329820211
0 0.09090909090909091 0.5579665220086795 0.03417634996582365 0.029758214507129573
0 0.5218728639781272 0.5610663360198388 0.034859876965140126 0.0347179169249845
0 0.34757347915242653 0.5960942343459392 0.01572112098427888 0.01425914445133292
0 0.3127136021872864 0.6233725976441413 0.04579630895420369 0.06137631742095474
0 0.7084757347915243 0.6326720396776193 0.047163362952836636 0.04525728456292622
0 0.33014354066985646 0.6652200867947923 0.02734107997265892 0.023558586484810913
0 0.5143540669856459 0.6769993800371977 0.0430622009569378 0.019838809671419714
0 0.4343814080656186 0.7064476131432114 0.07040328092959672 0.04277743335399876
0 0.8656869446343131 0.71264724116553 0.023923444976076555 0.026658400495970243
0 0.512987012987013 0.7656540607563547 0.028024606971975393 0.014879107253564786
0 0.8110047846889952 0.8140111593304402 0.05126452494873548 0.037197768133911964
0 0.9904306220095693 0.8403595784252945 0.019138755980861243 0.017978921264724116
0 0.9101161995898838 0.7021078735275883 0.03759398496240601 0.034097954122752634
0 0.9272043745727956 0.6875387476751394 0.030758714969241284 0.02727836329820211
