0 0.316473000683527 0.10353378797272164 0.02460697197539303 0.019838809671419714
0 0.22727272727272727 0.11562306261624303 0.030758714969241284 0.02541847489150651
0 0.30109364319890636 0.1884686918784873 0.13602187286397813 0.12275263484190949
0 0.47231715652768286 0.14879107253564786 0.03827751196172249 0.029758214507129573
0 0.5061517429938482 0.2383756974581525 0.041695146958304855 0.015499070055796652
0 0.24025974025974026 0.2796032238065716 0.0430622009569378 0.037197768133911964
0 0.5416951469583049 0.2907625542467452 0.03349282296650718 0.037197768133911964
0 0.23650034176349966 0.31773093614383136 0.02734107997265892 0.02417854928704278
0 0.754272043745728 0.328580285182889 0.036226930963773066 0.030998140111593304
0 0.1787423103212577 0.3397396156230626 0.017088174982911826 0.013639181649101054
0 0.48462064251537934 0.3670179789212647 0.04784688995215311 0.019838809671419714
0 0.21360218728639782 0.3955362678239306 0.02939166097060834 0.03595784252944823
0 0.6107313738892687 0.3930564166150031 0.06220095693779904 0.029758214507129573
0 0.7819548872180451 0.3955362678239306 0.0355434039644566 0.026038437693738377
0 0.9651401230348599 0.490700557966522 0.028708133971291867 0.03781773093614383
0 0.8116883116883117 0.4857408555486671 0.02939166097060834 0.026658400495970243
0 0.10799726589200273 0.4894606323620583 0.02460697197539303 0.029138251704897707
0 0.9289131920710868 0.4941103533787973 0.03007518796992481 0.029758214507129573
0 0.7734107997265892 0.5040297582145071 0.021189336978810664 0.026038437693738377
0 0.8998632946001367 0.5154990700557966 0.021189336978810664 0.022938623682579044
0 0.16302118933697882 0.5412275263484191 0.047163362952836636 0.04959702417854929
0 0.24948735475051265 0.5362678239305642 0.03007518796992481 0.019838809671419714
0 0.8691045796308954 0.5477371357718537 0.025290498974709502 0.02541847489150651
0 0.0898838004101162 0.5557966522008679 0.03759398496240601 0.027898326100433975
0 0.2997265892002734 0.6267823930564166 0.06903622693096377 0.07067575945443273
0 0.7091592617908408 0.6336019838809671 0.034859876965140126 0.032238065716057036
0 0.3243335611756664 0.666460012399256 0.03896103896103896 0.03595784252944823
0 0.924812030075188 0.6773093614383137 0.039644565960355434 0.026658400495970243
0 0.9453178400546821 0.7064476131432114 0.0355434039644566 0.026658400495970243
0 0.9145591250854409 0.7052076875387476 0.02323991797676008 0.02169869807811531
0 0.8691045796308954 0.71264724116553 0.025290498974709502 0.026658400495970243
0 0.4473684210526316 0.7151270923744575 0.03212576896787423 0.02045877247365158
0 0.5191387559808612 0.7696838189708618 0.022556390977443608 0.017978921264724116
0 0.8243335611756665 0.791692498450093 0.05878332194121668 0.052076875387476754
0 0.5345181134654818 0.7765034097954123 0.010936431989063569 0.009299442033477991
