0 0.297676008202324 0.10539367637941724 0.03759398496240601 0.018598884066955982
0 0.5064935064935064 0.10446373217606944 0.03144224196855776 0.016738995660260384
0 0.7159945317840055 0.19652820830750156 0.03212576896787423 0.018598884066955982
0 0.893028024606972 0.25356478611283323 0.03212576896787423 0.02727836329820211
0 0.49760765550239233 0.2712337259764414 0.0355434039644566 0.029138251704897707
0 0.9781271360218728 0.30378177309361437 0.028708133971291867 0.01735895846249225
0 0.4579630895420369 0.3106013639181649 0.02734107997265892 0.01735895846249225
0 0.2686261107313739 0.35337879727216365 0.03007518796992481 0.024798512089274645
0 0.3455228981544771 0.35895846249225044 0.01845522898154477 0.019838809671419714
0 0.4709501025290499 0.36949783013019216 0.07245386192754613 0.04091754494730316
0 0.7108680792891319 0.3806571605703658 0.02734107997265892 0.023558586484810913
0 0.6203007518796992 0.45257284562926225 0.22351332877648666 0.10663360198388097
0 0.8820915926179084 0.44110353378797273 0.060833902939166094 0.05889646621202728
0 0.19890635680109364 0.4367637941723497 0.03144224196855776 0.02169869807811531
0 0.3202323991797676 0.4575325480471172 0.05263157894736842 0.06075635461872288
0 0.8185235816814764 0.45815251084934905 0.03349282296650718 0.024798512089274645
0 0.9521531100478469 0.5189088654680719 0.03144224196855776 0.13019218846869188
0 0.09603554340396446 0.4662120272783633 0.014354066985645933 0.01735895846249225
0 0.26452494873547505 0.5061996280223187 0.045112781954887216 0.022938623682579044
0 0.2088174982911825 0.5195288282703038 0.030758714969241284 0.029758214507129573
0 0.6944634313055366 0.5598264104153751 0.02050580997949419 0.029758214507129573
0 0.6602870813397129 0.5802851828890266 0.05741626794258373 0.05455672659640422
0 0.08954203691045796 0.5725356478611283 0.03417634996582365 0.02541847489150651
0 0.32946001367054 0.5774953502789832 0.050580997949419004 0.0328580285182889
0 0.18181818181818182 0.5821450712957222 0.07928913192071087 0.037197768133911964
0 0.7173615857826384 0.610973341599504 0.04032809295967191 0.06137631742095474
0 0.5885167464114832 0.6261624302541847 0.05741626794258373 0.05703657780533168
0 0.043745727956254275 0.6522008679479231 0.032809295967190705 0.02851828890266584
0 0.9258373205741627 0.6754494730316181 0.05263157894736842 0.034097954122752634
0 0.05365686944634313 0.6965282083075015 0.07313738892686261 0.03037817730936144
0 0.920369104579631 0.7138871667699938 0.03896103896103896 0.041537507749535026
0 0.8632946001367054 0.7169869807811531 0.028708133971291867 0.027898326100433975
0 0.11414900888585099 0.7200867947923124 0.025974025974025976 0.019218846869187848
0 0.4213943950786056 0.7287662740235585 0.08544087491455912 0.0328580285182889
0 0.26657552973342447 0.7374457532548047 0.039644565960355434 0.02541847489150651
0 0.16404647983595352 0.740545567265964 0.03144224196855776 0.02417854928704278
0 0.5023923444976076 0.7538747675139492 0.02460697197539303 0.019838809671419714
0 0.9518113465481887 0.8047117172969622 0.09637730690362269 0.052076875387476754
0 0.9237867395762133 0.8763174209547427 0.15242652084757347 0.1370117792932424
0 0.8475734791524265 0.5337879727216367 0.05468215994531784 0.038437693738375696
0 0.8718386876281613 0.5061996280223187 0.0430622009569378 0.027898326100433975
