0 0.2604237867395762 0.10446373217606944 0.032809295967190705 0.022938623682579044
0 0.2190704032809296 0.12027278363298202 0.021189336978810664 0.016119032858028518
0 0.30861244019138756 0.12926224426534408 0.08270676691729323 0.03037817730936144
0 0.46411483253588515 0.1763794172349659 0.03691045796308954 0.0365778053316801
0 0.6390977443609023 0.23558586484810912 0.02323991797676008 0.022318660880347178
0 0.562200956937799 0.23372597644141352 0.00888585099111415 0.008679479231246125
0 0.7426520847573479 0.28177309361438313 0.09227614490772386 0.06137631742095474
0 0.24675324675324675 0.2926224426534408 0.03144224196855776 0.026038437693738377
0 0.5673274094326726 0.3013019218846869 0.032809295967190705 0.026038437693738377
0 0.23684210526315788 0.319280843149411 0.025290498974709502 0.021078735275883446
0 0.7925495557074504 0.34221946683199006 0.05536568694463431 0.024798512089274645
0 0.9716336295283664 0.3539987600743955 0.023923444976076555 0.04587724736515809
0 0.8178400546821599 0.41506509609423436 0.048530416951469584 0.041537507749535026
0 0.6609706083390294 0.4190948543087415 0.045112781954887216 0.0347179169249845
0 0.9774436090225563 0.4513329200247985 0.03144224196855776 0.03595784252944823
0 0.6192754613807245 0.46745195288282704 0.05331510594668489 0.03347799132052077
0 0.3051948051948052 0.4634221946683199 0.01845522898154477 0.015499070055796652
0 0.9131920710868079 0.5027898326100434 0.04237867395762133 0.026038437693738377
0 0.790498974709501 0.5083694978301302 0.03349282296650718 0.02727836329820211
0 0.14524948735475052 0.5201487910725356 0.03759398496240601 0.032238065716057036
0 0.08749145591250855 0.5551766893986361 0.032809295967190705 0.026658400495970243
0 0.8653451811346549 0.5595164290142591 0.02460697197539303 0.02541847489150651
0 0.8349282296650717 0.6661500309981401 0.07997265892002735 0.09113453192808431
0 0.7084757347915243 0.6636701797892126 0.036226930963773066 0.04649721016738995
0 0.385850991114149 0.6494110353378797 0.012987012987012988 0.01425914445133292
0 0.26657552973342447 0.6788592684438933 0.03691045796308954 0.05579665220086795
0 0.3116883116883117 0.6797892126472411 0.039644565960355434 0.03161810291382517
0 0.8776486671223513 0.7179169249845009 0.02323991797676008 0.024798512089274645
0 0.9268626110731374 0.680409175449473 0.03007518796992481 0.027898326100433975
0 0.956596035543404 0.7157470551766894 0.07040328092959672 0.04277743335399876
0 0.974025974025974 0.6813391196528208 0.050580997949419004 0.047117172969621826
