0 0.3007518796992481 0.10353378797272164 0.03417634996582365 0.018598884066955982
0 0.5041011619958988 0.1078735275883447 0.03349282296650718 0.01735895846249225
0 0.4278879015721121 0.15530068195908245 0.019138755980861243 0.015499070055796652
0 0.7235133287764867 0.19621822690638563 0.025290498974709502 0.019218846869187848
0 0.3838004101161996 0.2458152510849349 0.022556390977443608 0.02169869807811531
0 0.8940533151059467 0.25387476751394916 0.021872863978127138 0.019218846869187848
0 0.5023923444976076 0.27154370737755734 0.03691045796308954 0.030998140111593304
0 0.9781271360218728 0.30812151270923743 0.025974025974025976 0.016119032858028518
0 0.462406015037594 0.31122132672039676 0.026657552973342446 0.01735895846249225
0 0.2734107997265892 0.3502789832610043 0.02734107997265892 0.022318660880347178
0 0.35543403964456594 0.3614383137011779 0.03417634996582365 0.022318660880347178
0 0.4805194805194805 0.37011779293242403 0.07792207792207792 0.037197768133911964
0 0.7136021872863978 0.38313701177929327 0.032809295967190705 0.02727836329820211
0 0.3181818181818182 0.44978301301921886 0.060833902939166094 0.0750154990700558
0 0.6168831168831169 0.45629262244265345 0.19890635680109364 0.08927464352138871
0 0.8803827751196173 0.44234345939243647 0.05878332194121668 0.06013639181649101
0 0.950786056049214 0.49690018598884067 0.03827751196172249 0.15065096094234345
0 0.18181818181818182 0.44141351518908867 0.07245386192754613 0.032238065716057036
0 0.8161312371838687 0.4621822690638562 0.03417634996582365 0.026658400495970243
0 0.8793574846206426 0.5043397396156231 0.041695146958304855 0.029138251704897707
0 0.2679425837320574 0.5037197768133912 0.032809295967190705 0.015499070055796652
0 0.2115516062884484 0.5216986980781153 0.03759398496240601 0.035337879727216366
0 0.8533834586466166 0.5362678239305642 0.04032809295967191 0.029758214507129573
0 0.7118933697881066 0.5871047737135772 0.04989747095010253 0.09547427154370738
0 0.19651401230348597 0.5734655920644761 0.08133971291866028 0.044637321760694355
0 0.663362952836637 0.5805951642901426 0.053998632946001365 0.05145691258524489
0 0.09090909090909091 0.5719156850588965 0.03144224196855776 0.02541847489150651
0 0.33356117566643884 0.5790452572845629 0.043745727956254275 0.029758214507129573
0 0.582365003417635 0.6143831370117793 0.05878332194121668 0.052076875387476754
0 0.04613807245386193 0.6518908865468072 0.04032809295967191 0.0365778053316801
0 0.9227614490772386 0.6754494730316181 0.050580997949419004 0.03161810291382517
0 0.043403964456596035 0.7008679479231246 0.06630211893369788 0.02417854928704278
0 0.9217361585782639 0.7104773713577185 0.03759398496240601 0.037197768133911964
0 0.8643198906356802 0.7166769993800371 0.026657552973342446 0.02727836329820211
0 0.424812030075188 0.7281463112213267 0.0936431989063568 0.0365778053316801
0 0.11380724538619276 0.7213267203967761 0.028024606971975393 0.019218846869187848
0 0.26452494873547505 0.7365158090514569 0.03007518796992481 0.018598884066955982
0 0.16267942583732056 0.7420954742715437 0.02460697197539303 0.008679479231246125
0 0.5068352699931647 0.755114693118413 0.023923444976076555 0.01735895846249225
0 0.9562542720437457 0.80564166150031 0.08749145591250855 0.050216986980781156
0 0.9330143540669856 0.8744575325480471 0.1339712918660287 0.12833230006199628
