0 0.24094326725905674 0.04587724736515809 0.010252904989747095 0.0049597024178549285
0 0.3069036226930964 0.10477371357718537 0.02323991797676008 0.01735895846249225
0 0.49008885850991113 0.12678239305641661 0.0355434039644566 0.02417854928704278
0 0.42276144907723856 0.15592064476131431 0.019822282980177717 0.01425914445133292
0 0.7477785372522214 0.19714817110973343 0.009569377990430622 0.0037197768133911966
0 0.4008885850991114 0.25573465592064476 0.03349282296650718 0.03037817730936144
0 0.4483937115516063 0.26224426534407935 0.05468215994531784 0.04339739615623062
0 0.5208475734791524 0.2768133911965282 0.03144224196855776 0.03037817730936144
0 0.23923444976076555 0.2833230006199628 0.03007518796992481 0.02727836329820211
0 0.9726589200273411 0.3220706757594544 0.016404647983595352 0.013019218846869188
0 0.7303485987696514 0.33632982021078733 0.036226930963773066 0.03037817730936144
0 0.9757347915242652 0.3679479231246125 0.048530416951469584 0.07749535027898326
0 0.8253588516746412 0.3549287042777433 0.048530416951469584 0.02169869807811531
0 0.5570745044429255 0.38468691878487293 0.05878332194121668 0.027898326100433975
0 0.7231715652768285 0.3921264724116553 0.03007518796992481 0.022938623682579044
0 0.3007518796992481 0.4240545567265964 0.03007518796992481 0.029758214507129573
0 0.49179767600820234 0.44699318040917546 0.036226930963773066 0.03347799132052077
0 0.34757347915242653 0.5030998140111593 0.24265208475734792 0.12461252324860508
0 0.8455228981544771 0.46466212027278364 0.03827751196172249 0.035337879727216366
0 0.7881066302118934 0.48915065096094235 0.03007518796992481 0.032238065716057036
0 0.8913192071086808 0.5077495350278983 0.03691045796308954 0.03595784252944823
0 0.7040328092959672 0.5204587724736516 0.03007518796992481 0.04649721016738995
0 0.2265892002734108 0.5269683818970862 0.04442925495557074 0.029758214507129573
0 0.9726589200273411 0.5433973961562306 0.0355434039644566 0.04277743335399876
0 0.8065618591934381 0.5396776193428394 0.02323991797676008 0.02169869807811531
0 0.8687628161312372 0.5421574705517669 0.032809295967190705 0.026658400495970243
0 0.09330143540669857 0.5635461872287663 0.03212576896787423 0.02851828890266584
0 0.5379357484620643 0.5768753874767514 0.06151742993848257 0.05393676379417235
0 0.3458646616541353 0.5892746435213887 0.03827751196172249 0.03161810291382517
0 0.7060833902939166 0.6277123372597644 0.04101161995898838 0.03781773093614383
0 0.04408749145591251 0.6503409795412275 0.028024606971975393 0.024798512089274645
0 0.5013670539986329 0.6785492870427774 0.04989747095010253 0.02541847489150651
0 0.42207792207792205 0.698698078115313 0.06630211893369788 0.037197768133911964
0 0.8622693096377307 0.7132672039677619 0.026657552973342446 0.026658400495970243
0 0.5082023239917977 0.7637941723496591 0.026657552973342446 0.014879107253564786
0 0.8045112781954887 0.8226906385616863 0.04101161995898838 0.02727836329820211
0 0.9760765550239234 0.842529448233106 0.04784688995215311 0.04215747055176689
0 0.9289131920710868 0.6912585244885306 0.03144224196855776 0.02727836329820211
0 0.9043062200956937 0.6968381897086174 0.032809295967190705 0.038437693738375696
