0 0.24538619275461382 0.1472411655300682 0.043745727956254275 0.022938623682579044
0 0.4483937115516063 0.20737755734655922 0.03007518796992481 0.0365778053316801
0 0.5543403964456596 0.24519528828270304 0.03827751196172249 0.03781773093614383
0 0.5762132604237867 0.24736515809051457 0.025974025974025976 0.023558586484810913
0 0.30211893369788106 0.2873527588344699 0.028708133971291867 0.03161810291382517
0 0.588174982911825 0.2985120892746435 0.03212576896787423 0.034097954122752634
0 0.3752563226247437 0.31866088034717915 0.025974025974025976 0.022318660880347178
0 0.8212576896787424 0.32703037817730934 0.04442925495557074 0.03037817730936144
0 0.21872863978127136 0.35616862988220704 0.13807245386192754 0.040297582145071294
0 0.6449077238550923 0.3508989460632362 0.022556390977443608 0.022318660880347178
0 0.6308954203691046 0.3446993180409175 0.005468215994531784 0.0049597024178549285
0 0.37969924812030076 0.40266584004959705 0.041695146958304855 0.02541847489150651
0 0.7047163362952836 0.44048357098574087 0.050580997949419004 0.03905765654060756
0 0.35440874914559123 0.4624922504649721 0.20164046479835954 0.08183508989460632
0 0.8376623376623377 0.4324240545567266 0.01845522898154477 0.017978921264724116
0 0.6599453178400547 0.45071295722256666 0.026657552973342446 0.019838809671419714
0 0.7699931647300068 0.5244885306881587 0.03349282296650718 0.026038437693738377
0 0.08099794941900205 0.5588964662120273 0.03212576896787423 0.02417854928704278
0 0.8609022556390977 0.5672659640421575 0.025290498974709502 0.026038437693738377
0 0.13055365686944634 0.6252324860508369 0.050580997949419004 0.0328580285182889
0 0.894395078605605 0.6286422814631122 0.0430622009569378 0.0347179169249845
0 0.8526999316473001 0.6667699938003719 0.05673274094326726 0.05517668939863608
0 0.9579630895420369 0.6918784872907625 0.06220095693779904 0.04587724736515809
0 0.4025974025974026 0.685058896466212 0.03144224196855776 0.02851828890266584
0 0.6889952153110048 0.7024178549287042 0.043745727956254275 0.02727836329820211
0 0.8028024606971975 0.7117172969621822 0.03759398496240601 0.03347799132052077
0 0.9039644565960355 0.7839429634221947 0.08270676691729323 0.04525728456292622
0 0.5974025974025974 0.44978301301921886 0.04101161995898838 0.04277743335399876
0 0.9924812030075187 0.7241165530068195 0.01367053998632946 0.03347799132052077
0 0.6312371838687628 0.4231246125232486 0.04989747095010253 0.04277743335399876
0 0.974025974025974 0.7318660880347179 0.03144224196855776 0.026658400495970243
