0 0.23957621326042378 0.043707377557346556 0.007518796992481203 0.006819590824550527
0 0.30553656869446344 0.10539367637941724 0.02460697197539303 0.01735895846249225
0 0.49316473000683525 0.12461252324860508 0.036226930963773066 0.026038437693738377
0 0.4224196855775803 0.1577805331680099 0.025974025974025976 0.02045877247365158
0 0.7416267942583732 0.19373837569745817 0.019138755980861243 0.009299442033477991
0 0.39952153110047844 0.2551146931184129 0.03349282296650718 0.029138251704897707
0 0.4449760765550239 0.26410415375077495 0.04784688995215311 0.04091754494730316
0 0.5201640464798359 0.27619342839429634 0.03144224196855776 0.03037817730936144
0 0.23786739576213262 0.28394296342219466 0.016404647983595352 0.01735895846249225
0 0.9733424470266575 0.3217606943583385 0.02050580997949419 0.014879107253564786
0 0.7323991797676008 0.33818970861748293 0.04032809295967191 0.02541847489150651
0 0.9661654135338346 0.38654680719156853 0.06766917293233082 0.1134531928084315
0 0.8212576896787424 0.3558586484810911 0.03896103896103896 0.019838809671419714
0 0.5498974709501026 0.38406695598264107 0.05263157894736842 0.02417854928704278
0 0.7231715652768285 0.39243645381277126 0.03007518796992481 0.023558586484810913
0 0.3038277511961722 0.425914445133292 0.03759398496240601 0.044637321760694355
0 0.49179767600820234 0.4463732176069436 0.036226930963773066 0.032238065716057036
0 0.34107997265892004 0.5058896466212027 0.252904989747095 0.12895226286422815
0 0.8516746411483254 0.4615623062616243 0.043745727956254275 0.03781773093614383
0 0.7898154477101845 0.4885306881587105 0.030758714969241284 0.03347799132052077
0 0.8906356801093643 0.5077495350278983 0.03827751196172249 0.0347179169249845
0 0.7043745727956254 0.5244885306881587 0.03212576896787423 0.052076875387476754
0 0.22351332877648666 0.5272783632982021 0.043745727956254275 0.03037817730936144
0 0.8677375256322625 0.5427774333539988 0.03349282296650718 0.02541847489150651
0 0.9753930280246069 0.5495970241785493 0.03417634996582365 0.040297582145071294
0 0.09398496240601503 0.5644761314321141 0.030758714969241284 0.027898326100433975
0 0.5420369104579631 0.5805951642901426 0.06288448393711552 0.056416615003099815
0 0.3448393711551606 0.5883446993180409 0.03759398496240601 0.029758214507129573
0 0.7064251537935748 0.6270923744575325 0.04032809295967191 0.0328580285182889
0 0.04477101845522898 0.6512709237445753 0.034859876965140126 0.03037817730936144
0 0.5003417634996582 0.6800991940483571 0.04921394395078606 0.026038437693738377
0 0.42002734107997264 0.699008059516429 0.05673274094326726 0.03161810291382517
0 0.8619275461380724 0.7141971481711097 0.025974025974025976 0.02727836329820211
0 0.5092276144907724 0.764104153750775 0.02734107997265892 0.015499070055796652
0 0.8028024606971975 0.8251704897706138 0.03759398496240601 0.022318660880347178
0 0.9743677375256322 0.842839429634222 0.05126452494873548 0.04277743335399876
0 0.9025974025974026 0.6934283942963422 0.02939166097060834 0.041537507749535026
0 0.9295967190704033 0.6937383756974581 0.02734107997265892 0.026038437693738377
