0 0.30006835269993165 0.1050836949783013 0.028708133971291867 0.017978921264724116
0 0.49863294600136704 0.11283323000619963 0.03759398496240601 0.021078735275883446
0 0.42378673957621327 0.15592064476131431 0.03827751196172249 0.03037817730936144
0 0.7306903622693096 0.19249845009299443 0.025974025974025976 0.019218846869187848
0 0.3875598086124402 0.24829510229386237 0.03417634996582365 0.029138251704897707
0 0.5095693779904307 0.27340359578425294 0.03896103896103896 0.032238065716057036
0 0.46479835953520166 0.31215127092374456 0.02460697197539303 0.016738995660260384
0 0.9747095010252905 0.3152510849349039 0.021872863978127138 0.016738995660260384
0 0.36192754613807243 0.36360818350898944 0.01845522898154477 0.01425914445133292
0 0.5105946684894054 0.37817730936143834 0.05878332194121668 0.02727836329820211
0 0.7173615857826384 0.38592684438933667 0.034859876965140126 0.027898326100433975
0 0.9456596035543404 0.4652820830750155 0.04989747095010253 0.15065096094234345
0 0.3144224196855776 0.44327340359578427 0.06151742993848257 0.07811531308121512
0 0.651742993848257 0.44885306881587106 0.08817498291182502 0.052076875387476754
0 0.8704716336295284 0.449163050216987 0.05536568694463431 0.05145691258524489
0 0.1469583048530417 0.4569125852448853 0.11619958988380041 0.04835709857408556
0 0.8058783321941216 0.47210167389956603 0.032809295967190705 0.03161810291382517
0 0.3663704716336295 0.4866707997520149 0.03417634996582365 0.021078735275883446
0 0.8841421736158578 0.5043397396156231 0.04442925495557074 0.03161810291382517
0 0.21257689678742311 0.5241785492870428 0.045112781954887216 0.0365778053316801
0 0.7057416267942583 0.569435833849969 0.03212576896787423 0.08865468071915684
0 0.8609022556390977 0.5393676379417235 0.034859876965140126 0.026038437693738377
0 0.2265892002734108 0.5626162430254185 0.11688311688311688 0.048977061376317424
0 0.98257006151743 0.5700557966522009 0.026657552973342446 0.02541847489150651
0 0.09090909090909091 0.5716057036577805 0.028708133971291867 0.024798512089274645
0 0.6657552973342447 0.5824550526968382 0.039644565960355434 0.034097954122752634
0 0.3359535201640465 0.5812151270923744 0.036226930963773066 0.026658400495970243
0 0.5686944634313056 0.5960942343459392 0.06971975393028025 0.05393676379417235
0 0.04647983595352016 0.652820830750155 0.045112781954887216 0.04091754494730316
0 0.9084073820915927 0.6810291382517049 0.03417634996582365 0.02541847489150651
0 0.49077238550922764 0.6844389336639801 0.03007518796992481 0.019838809671419714
0 0.9251537935748462 0.7039677619342839 0.03349282296650718 0.03037817730936144
0 0.02563226247436774 0.7008679479231246 0.023923444976076555 0.011779293242405457
0 0.8629528366370471 0.7154370737755734 0.02939166097060834 0.02727836329820211
0 0.11004784688995216 0.7210167389956602 0.02460697197539303 0.013639181649101054
0 0.4039644565960355 0.7275263484190948 0.03827751196172249 0.022938623682579044
0 0.4514695830485304 0.7383756974581525 0.04989747095010253 0.021078735275883446
0 0.5064935064935064 0.7585244885306882 0.021872863978127138 0.016738995660260384
0 0.9641148325358851 0.810601363918165 0.07040328092959672 0.03781773093614383
0 0.9446343130553657 0.8648481091134532 0.10663021189336978 0.09671419714817112
