0 0.4374572795625427 0.23093614383137012 0.02734107997265892 0.02169869807811531
0 0.215311004784689 0.24333539987600744 0.04101161995898838 0.026658400495970243
0 0.2939166097060834 0.29231246125232485 0.043745727956254275 0.040297582145071294
0 0.5936431989063568 0.2994420334779913 0.04032809295967191 0.02851828890266584
0 0.39200273410799724 0.3295102293862368 0.030758714969241284 0.015499070055796652
0 0.15242652084757347 0.3350898946063236 0.02460697197539303 0.017978921264724116
0 0.6473000683526999 0.3484190948543087 0.02323991797676008 0.021078735275883446
0 0.25051264524948735 0.4203347799132052 0.05536568694463431 0.0347179169249845
0 0.4138755980861244 0.41599504029758216 0.05536568694463431 0.021078735275883446
0 0.601161995898838 0.4426534407935524 0.04032809295967191 0.03967761934283943
0 0.739917976760082 0.45815251084934905 0.05263157894736842 0.03595784252944823
0 0.754272043745728 0.5334779913205208 0.030758714969241284 0.02417854928704278
0 0.6657552973342447 0.541847489150651 0.03417634996582365 0.029758214507129573
0 0.955228981544771 0.5867947923124612 0.08954203691045796 0.11717296962182269
0 0.07758031442241968 0.5585864848109113 0.02939166097060834 0.024798512089274645
0 0.8537252221462748 0.573775573465592 0.025974025974025976 0.02417854928704278
0 0.937799043062201 0.7039677619342839 0.016404647983595352 0.01425914445133292
0 0.9671907040328093 0.7296962182269063 0.03691045796308954 0.030998140111593304
0 0.9982911825017088 0.7238065716057036 0.003417634996582365 0.011779293242405457
0 0.9706083390293917 0.7895226286422815 0.05878332194121668 0.019218846869187848
0 0.2669172932330827 0.34965902045877245 0.08407382091592618 0.037197768133911964
0 0.23855092276144907 0.35988840669559824 0.0355434039644566 0.02541847489150651
