0 0.42959671907040325 0.06447613143211407 0.03212576896787423 0.01735895846249225
0 0.26896787423103213 0.09764414135151891 0.03349282296650718 0.022938623682579044
0 0.6924128503075871 0.19001859888406697 0.025974025974025976 0.019218846869187848
0 0.8588516746411483 0.23775573465592065 0.02939166097060834 0.022938623682579044
0 0.8954203691045797 0.2504649721016739 0.03691045796308954 0.0347179169249845
0 0.47778537252221465 0.27061376317420954 0.0355434039644566 0.02417854928704278
0 0.5146958304853042 0.27805331680099193 0.021872863978127138 0.022938623682579044
0 0.9671907040328093 0.2920024798512089 0.025974025974025976 0.016119032858028518
0 0.4323308270676692 0.3143211407315561 0.022556390977443608 0.018598884066955982
0 0.4008885850991114 0.33942963422194666 0.03759398496240601 0.03037817730936144
0 0.5786056049213943 0.33446993180409174 0.01572112098427888 0.016738995660260384
0 0.6384142173615858 0.3443893366398016 0.02460697197539303 0.02045877247365158
0 0.8178400546821599 0.37817730936143834 0.04032809295967191 0.026038437693738377
0 0.570745044429255 0.3794172349659021 0.016404647983595352 0.009919404835709857
0 0.7686261107313739 0.39429634221946686 0.034859876965140126 0.023558586484810913
0 0.9049897470950102 0.4302541847489151 0.04921394395078606 0.04339739615623062
0 0.9600136705399863 0.4603223806571606 0.048530416951469584 0.04277743335399876
0 0.868421052631579 0.4879107253564786 0.060833902939166094 0.038437693738375696
0 0.651742993848257 0.5030998140111593 0.18113465481886534 0.034097954122752634
0 0.22009569377990432 0.5154990700557966 0.04647983595352016 0.02541847489150651
0 0.5181134654818865 0.5300681959082455 0.0355434039644566 0.021078735275883446
0 0.5314422419685577 0.5489770613763174 0.04032809295967191 0.02045877247365158
0 0.0861244019138756 0.5778053316800992 0.032809295967190705 0.032238065716057036
0 0.33014354066985646 0.6001239925604464 0.03691045796308954 0.03967761934283943
0 0.9446343130553657 0.6230626162430254 0.03417634996582365 0.03967761934283943
0 0.8639781271360218 0.6255424674519529 0.0355434039644566 0.018598884066955982
0 0.10868079289131921 0.6289522628642281 0.02323991797676008 0.016738995660260384
0 0.9866712235133288 0.6828890266584005 0.026657552973342446 0.08865468071915684
0 0.42754613807245384 0.671109733415995 0.059466848940533154 0.04525728456292622
0 0.1599453178400547 0.6782393056416615 0.04784688995215311 0.016119032858028518
0 0.726930963773069 0.7461252324860508 0.18933697881066303 0.12833230006199628
0 0.20813397129186603 0.7104773713577185 0.036226930963773066 0.03967761934283943
0 0.8605604921394395 0.7216367017978921 0.03417634996582365 0.029758214507129573
0 0.13773069036226931 0.7262864228146311 0.025290498974709502 0.022938623682579044
0 0.07723855092276145 0.7377557346559206 0.03144224196855776 0.01735895846249225
0 0.48017771701982226 0.7365158090514569 0.025290498974709502 0.014879107253564786
0 0.2836637047163363 0.7591444513329201 0.050580997949419004 0.03161810291382517
0 0.6274777853725222 0.8549287042777434 0.02050580997949419 0.023558586484810913
0 0.9025974025974026 0.9612523248605084 0.022556390977443608 0.010539367637941723
