0 0.42617908407382094 0.06478611283323 0.030758714969241284 0.011779293242405457
0 0.2799043062200957 0.10198388096714198 0.03896103896103896 0.02045877247365158
0 0.7009569377990431 0.19249845009299443 0.026657552973342446 0.01425914445133292
0 0.8961038961038961 0.24798512089274644 0.045112781954887216 0.03967761934283943
0 0.4859876965140123 0.268443893366398 0.03691045796308954 0.02727836329820211
0 0.9716336295283664 0.29417234965902045 0.028024606971975393 0.017978921264724116
0 0.44429254955570746 0.3096714197148171 0.025974025974025976 0.016738995660260384
0 0.4183185235816815 0.34314941103533786 0.043745727956254275 0.034097954122752634
0 0.8233082706766918 0.37724736515809054 0.0430622009569378 0.02541847489150651
0 0.7488038277511961 0.39801611903285805 0.047163362952836636 0.024798512089274645
0 0.8974709501025291 0.43459392436453814 0.05741626794258373 0.05579665220086795
0 0.9603554340396445 0.4566026038437694 0.019138755980861243 0.017978921264724116
0 0.10013670539986329 0.4848109113453193 0.0430622009569378 0.02851828890266584
0 0.7351332877648667 0.5055796652200868 0.19343814080656185 0.04277743335399876
0 0.23820915926179084 0.5127092374457533 0.05673274094326726 0.02851828890266584
0 0.531784005468216 0.5244885306881587 0.02734107997265892 0.019838809671419714
0 0.3014354066985646 0.5641661500309981 0.03691045796308954 0.029758214507129573
0 0.08578263841421736 0.574085554866708 0.034859876965140126 0.02851828890266584
0 0.6483253588516746 0.5799752014879107 0.036226930963773066 0.03781773093614383
0 0.6948051948051948 0.5812151270923744 0.030758714969241284 0.034097954122752634
0 0.9446343130553657 0.5982641041537508 0.03007518796992481 0.052076875387476754
0 0.11927546138072453 0.6140731556106633 0.07177033492822966 0.04401735895846249
0 0.9853041695146958 0.7098574085554866 0.02939166097060834 0.23186608803471792
0 0.33561175666438825 0.6057036577805331 0.02050580997949419 0.016119032858028518
0 0.6421736158578264 0.6791692498450093 0.0758714969241285 0.056416615003099815
0 0.14149008885850992 0.6788592684438933 0.08065618591934381 0.030998140111593304
0 0.19172932330827067 0.7203967761934283 0.036226930963773066 0.03595784252944823
0 0.8619275461380724 0.7203967761934283 0.03691045796308954 0.026038437693738377
0 0.12406015037593984 0.7182269063856168 0.01845522898154477 0.016738995660260384
0 0.9241285030758715 0.7234965902045877 0.0355434039644566 0.02851828890266584
0 0.07382091592617908 0.7352758834469931 0.02460697197539303 0.009919404835709857
0 0.2761449077238551 0.7492250464972101 0.04784688995215311 0.03781773093614383
0 0.4880382775119617 0.7411655300681959 0.02734107997265892 0.016738995660260384
0 0.8233082706766918 0.7985120892746436 0.09911141490088858 0.05455672659640422
