0 0.4333561175666439 0.23279603223806572 0.025974025974025976 0.019218846869187848
0 0.2190704032809296 0.24178549287042778 0.048530416951469584 0.02727836329820211
0 0.2928913192071087 0.291692498450093 0.0430622009569378 0.03905765654060756
0 0.5936431989063568 0.2991320520768754 0.04032809295967191 0.027898326100433975
0 0.39302802460697195 0.32889026658400494 0.03144224196855776 0.015499070055796652
0 0.14866712235133286 0.33353998760074394 0.017088174982911826 0.014879107253564786
0 0.6473000683526999 0.3481091134531928 0.02323991797676008 0.02045877247365158
0 0.24470266575529734 0.41754494730316183 0.05468215994531784 0.0328580285182889
0 0.4155844155844156 0.4163050216986981 0.050580997949419004 0.02045877247365158
0 0.4514695830485304 0.4172349659020459 0.01845522898154477 0.011159330440173589
0 0.6001367053998633 0.44110353378797273 0.03691045796308954 0.0365778053316801
0 0.745727956254272 0.4612523248605084 0.050580997949419004 0.037197768133911964
0 0.752904989747095 0.5334779913205208 0.03212576896787423 0.02417854928704278
0 0.6650717703349283 0.541537507749535 0.0355434039644566 0.03037817730936144
0 0.9555707450444293 0.5855548667079975 0.08885850991114148 0.11841289522628642
0 0.07689678742310321 0.5582765034097954 0.028024606971975393 0.02417854928704278
0 0.8530416951469583 0.5747055176689398 0.02460697197539303 0.022318660880347178
0 0.9651401230348599 0.7284562926224426 0.039644565960355434 0.030998140111593304
0 0.9805194805194806 0.7867327960322381 0.03896103896103896 0.012399256044637322
0 0.23684210526315788 0.3592684438933664 0.036226930963773066 0.026658400495970243
0 0.2723855092276145 0.3490390576565406 0.08407382091592618 0.03595784252944823
