0 0.4333561175666439 0.0638561686298822 0.025974025974025976 0.016119032858028518
0 0.26452494873547505 0.09361438313701177 0.03007518796992481 0.022318660880347178
0 0.6876281613123718 0.19063856168629884 0.02460697197539303 0.017978921264724116
0 0.8537252221462748 0.23899566026038438 0.03144224196855776 0.02169869807811531
0 0.8961038961038961 0.25108493490390577 0.03007518796992481 0.02851828890266584
0 0.47368421052631576 0.26968381897086174 0.03417634996582365 0.024798512089274645
0 0.5116199589883801 0.27991320520768753 0.036226930963773066 0.03161810291382517
0 0.588174982911825 0.28022318660880347 0.03896103896103896 0.02727836329820211
0 0.9938482570061518 0.27836329820210787 0.012303485987696514 0.022318660880347178
0 0.42857142857142855 0.31401115933044016 0.02460697197539303 0.02045877247365158
0 0.2874231032125769 0.3245505269683819 0.014354066985645933 0.010539367637941723
0 0.39166097060833904 0.3341599504029758 0.03691045796308954 0.026038437693738377
0 0.5738209159261791 0.33384996900185987 0.019822282980177717 0.02169869807811531
0 0.640123034859877 0.3446993180409175 0.03896103896103896 0.03347799132052077
0 0.5775803144224196 0.3766274023558587 0.03417634996582365 0.022938623682579044
0 0.7785372522214627 0.3899566026038438 0.03691045796308954 0.023558586484810913
0 0.9090909090909091 0.42808431494110355 0.04647983595352016 0.03905765654060756
0 0.9600136705399863 0.4597024178549287 0.04989747095010253 0.04401735895846249
0 0.868421052631579 0.4894606323620583 0.11551606288448393 0.07749535027898326
0 0.6117566643882434 0.5030998140111593 0.1421736158578264 0.0365778053316801
0 0.21018455228981545 0.5145691258524488 0.03759398496240601 0.024798512089274645
0 0.08885850991114148 0.5790452572845629 0.03144224196855776 0.030998140111593304
0 0.3274094326725906 0.5933044017358958 0.0355434039644566 0.04091754494730316
0 0.5037593984962406 0.6044637321760694 0.02734107997265892 0.018598884066955982
0 0.4374572795625427 0.6252324860508369 0.03827751196172249 0.0328580285182889
0 0.9470266575529733 0.6348419094854308 0.030758714969241284 0.037197768133911964
0 0.867053998632946 0.6274023558586485 0.041695146958304855 0.019838809671419714
0 0.42515379357484623 0.6695598264104153 0.0710868079289132 0.04959702417854929
0 0.07245386192754613 0.6800991940483571 0.02050580997949419 0.016119032858028518
0 0.21941216678058784 0.7024178549287042 0.03417634996582365 0.03595784252944823
0 0.7238550922761449 0.7464352138871667 0.151742993848257 0.10539367637941724
0 0.8605604921394395 0.7216367017978921 0.03417634996582365 0.02727836329820211
0 0.14456596035543404 0.7259764414135151 0.022556390977443608 0.026038437693738377
0 0.4764183185235817 0.7343459392436453 0.028708133971291867 0.016738995660260384
0 0.08202323991797676 0.7383756974581525 0.032809295967190705 0.022318660880347178
0 0.29152426520847574 0.7619342839429635 0.04989747095010253 0.030998140111593304
0 0.6097060833902939 0.8084314941103534 0.025974025974025976 0.024798512089274645
0 0.6233766233766234 0.8536887786732796 0.0710868079289132 0.05579665220086795
0 0.9043062200956937 0.9662120272783633 0.02460697197539303 0.013019218846869188
0 0.5119617224880383 0.5350278983261004 0.03007518796992481 0.023558586484810913
0 0.525974025974026 0.5536267823930564 0.05809979494190021 0.023558586484810913
