0 0.29699248120300753 0.1050836949783013 0.03896103896103896 0.019218846869187848
0 0.508544087491456 0.10291382517048978 0.028708133971291867 0.013639181649101054
0 0.7149692412850308 0.19652820830750156 0.032809295967190705 0.018598884066955982
0 0.894395078605605 0.25263484190948543 0.036226930963773066 0.029138251704897707
0 0.4969241285030759 0.2718536887786733 0.032809295967190705 0.026658400495970243
0 0.9791524265208476 0.3028518288902666 0.02939166097060834 0.016738995660260384
0 0.45659603554340394 0.31091134531928083 0.028708133971291867 0.016738995660260384
0 0.2679425837320574 0.3530688158710477 0.03007518796992481 0.026658400495970243
0 0.46616541353383456 0.36856788592684436 0.07245386192754613 0.04277743335399876
0 0.3458646616541353 0.35802851828890264 0.019138755980861243 0.019218846869187848
0 0.7098427887901572 0.38003719776813394 0.023923444976076555 0.021078735275883446
0 0.6240601503759399 0.4504029758214507 0.23239917976760083 0.11097334159950403
0 0.8834586466165414 0.439863608183509 0.06220095693779904 0.05889646621202728
0 0.1975393028024607 0.43552386856788594 0.0177717019822283 0.013019218846869188
0 0.3219412166780588 0.458462492250465 0.04784688995215311 0.05889646621202728
0 0.8195488721804511 0.4569125852448853 0.03144224196855776 0.023558586484810913
0 0.09911141490088858 0.46683199008059517 0.02050580997949419 0.021078735275883446
0 0.9538619275461381 0.5387476751394916 0.02939166097060834 0.09795412275263485
0 0.855434039644566 0.5220086794792312 0.07313738892686261 0.059516429014259145
0 0.26247436773752564 0.5074395536267824 0.04784688995215311 0.02541847489150651
0 0.2077922077922078 0.5195288282703038 0.02734107997265892 0.026038437693738377
0 0.6930963773069037 0.5598264104153751 0.02050580997949419 0.02727836329820211
0 0.6582365003417635 0.5796652200867948 0.05878332194121668 0.05703657780533168
0 0.0898838004101162 0.5722256664600124 0.034859876965140126 0.026038437693738377
0 0.32809295967190705 0.5762554246745195 0.05194805194805195 0.034097954122752634
0 0.17429938482570062 0.5840049597024178 0.06971975393028025 0.037197768133911964
0 0.7200956937799043 0.6153130812151271 0.03896103896103896 0.05765654060756355
0 0.5905673274094326 0.6311221326720396 0.05878332194121668 0.05703657780533168
0 0.045112781954887216 0.6506509609423434 0.02323991797676008 0.019218846869187848
0 0.059125085440874914 0.69435833849969 0.07723855092276145 0.02851828890266584
0 0.8639781271360218 0.717296962182269 0.028708133971291867 0.02851828890266584
0 0.11483253588516747 0.7194668319900805 0.02460697197539303 0.019218846869187848
0 0.4203691045796309 0.7290762554246745 0.07928913192071087 0.029758214507129573
0 0.2679425837320574 0.7383756974581525 0.04237867395762133 0.030998140111593304
0 0.16404647983595352 0.7383756974581525 0.03417634996582365 0.02851828890266584
0 0.5013670539986329 0.7532548047117174 0.025290498974709502 0.021078735275883446
0 0.9504442925495558 0.8031618102913826 0.09911141490088858 0.05269683818970862
0 0.920369104579631 0.8725976441413515 0.15926179084073822 0.15065096094234345
0 0.9217361585782639 0.712957222566646 0.041695146958304855 0.04091754494730316
0 0.9275461380724539 0.6754494730316181 0.05331510594668489 0.0365778053316801
