0 0.2607655502392344 0.10229386236825791 0.03349282296650718 0.02727836329820211
0 0.2303485987696514 0.12244265344079355 0.043745727956254275 0.034097954122752634
0 0.46821599453178403 0.16738995660260383 0.03691045796308954 0.03595784252944823
0 0.6394395078605605 0.2324860508369498 0.019822282980177717 0.01735895846249225
0 0.35919343814080656 0.25108493490390577 0.04442925495557074 0.04215747055176689
0 0.7409432672590567 0.2833230006199628 0.10936431989063568 0.07687538747675139
0 0.5591250854408749 0.30068195908245504 0.0355434039644566 0.029758214507129573
0 0.7812713602187287 0.3388096714197148 0.06151742993848257 0.029138251704897707
0 0.9719753930280246 0.36484810911345317 0.0177717019822283 0.022938623682579044
0 0.5143540669856459 0.36732796032238063 0.026657552973342446 0.019218846869187848
0 0.8045112781954887 0.4060756354618723 0.04784688995215311 0.03347799132052077
0 0.6496924128503075 0.41227526348419097 0.041695146958304855 0.03595784252944823
0 0.9750512645249487 0.46187228766274024 0.03212576896787423 0.047117172969621826
0 0.608339029391661 0.4708617482951023 0.04647983595352016 0.0328580285182889
0 0.9196855775803144 0.4981401115933044 0.04579630895420369 0.03037817730936144
0 0.797676008202324 0.49969001859888407 0.032809295967190705 0.026038437693738377
0 0.12781954887218044 0.5068195908245505 0.03827751196172249 0.0328580285182889
0 0.8660287081339713 0.5545567265964042 0.02460697197539303 0.02541847489150651
0 0.08885850991114148 0.5570365778053317 0.0355434039644566 0.02417854928704278
0 0.27306903622693096 0.6776193428394296 0.05673274094326726 0.07067575945443273
0 0.8174982911825017 0.6853688778673279 0.04921394395078606 0.0712957222566646
0 0.3147641831852358 0.6742095474271543 0.03759398496240601 0.034097954122752634
0 0.9808612440191388 0.6773093614383137 0.03827751196172249 0.034097954122752634
0 0.8735475051264525 0.7163670179789212 0.025974025974025976 0.02541847489150651
0 0.5256322624743678 0.7743335399876008 0.015037593984962405 0.012399256044637322
0 0.5382775119617225 0.778053316800992 0.006151742993848257 0.0049597024178549285
0 0.9254955570745045 0.680409175449473 0.04101161995898838 0.027898326100433975
0 0.9501025290498974 0.7104773713577185 0.06288448393711552 0.04339739615623062
0 0.24641148325358853 0.29510229386236825 0.03212576896787423 0.02727836329820211
0 0.23923444976076555 0.3211407315561066 0.039644565960355434 0.029758214507129573
