0 0.28400546821599454 0.10384376937383757 0.04032809295967191 0.02045877247365158
0 0.702323991797676 0.19435833849969003 0.02939166097060834 0.015499070055796652
0 0.8954203691045797 0.24891506509609423 0.045112781954887216 0.040297582145071294
0 0.48872180451127817 0.2703037817730936 0.04101161995898838 0.02851828890266584
0 0.9730006835269993 0.2957222566646001 0.028024606971975393 0.018598884066955982
0 0.4470266575529733 0.31091134531928083 0.028708133971291867 0.017978921264724116
0 0.424812030075188 0.3474891506509609 0.04989747095010253 0.035337879727216366
0 0.25153793574846206 0.3577185368877867 0.012303485987696514 0.014879107253564786
0 0.8277511961722488 0.37631742095474274 0.039644565960355434 0.026038437693738377
0 0.7406015037593985 0.40173589584624925 0.05673274094326726 0.026038437693738377
0 0.8940533151059467 0.4367637941723497 0.05741626794258373 0.05765654060756355
0 0.833902939166097 0.4513329200247985 0.012303485987696514 0.011159330440173589
0 0.09740259740259741 0.4804711717296962 0.03759398496240601 0.04091754494730316
0 0.7689678742310321 0.5145691258524488 0.1900205058099795 0.053316800991940486
0 0.5228981544771019 0.49473031618102914 0.01367053998632946 0.011159330440173589
0 0.24401913875598086 0.5130192188468692 0.05878332194121668 0.027898326100433975
0 0.3072453861927546 0.5663360198388097 0.04442925495557074 0.03161810291382517
0 0.9460013670539986 0.5867947923124612 0.028708133971291867 0.06137631742095474
0 0.6927546138072453 0.5765654060756354 0.030758714969241284 0.03967761934283943
0 0.6486671223513328 0.5805951642901426 0.045112781954887216 0.04401735895846249
0 0.08646616541353383 0.5743955362678239 0.034859876965140126 0.027898326100433975
0 0.1367053998632946 0.6097334159950403 0.07792207792207792 0.04773713577185369
0 0.9866712235133288 0.6317420954742715 0.026657552973342446 0.07935523868567886
0 0.6326042378673957 0.6695598264104153 0.06766917293233082 0.06199628022318661
0 0.9354066985645934 0.6779293242405455 0.03212576896787423 0.02541847489150651
0 0.127136021872864 0.6825790452572845 0.09432672590567327 0.030998140111593304
0 0.9911141490088858 0.7492250464972101 0.0177717019822283 0.13205207687538748
0 0.9237867395762133 0.7228766274023558 0.041695146958304855 0.0347179169249845
0 0.18455228981544772 0.7272163670179789 0.03417634996582365 0.04091754494730316
0 0.8622693096377307 0.7210167389956602 0.036226930963773066 0.026038437693738377
0 0.12132604237867396 0.7179169249845009 0.019822282980177717 0.016119032858028518
0 0.2737525632262474 0.7473651580905145 0.04579630895420369 0.03781773093614383
0 0.07347915242652085 0.7343459392436453 0.017088174982911826 0.005579665220086794
0 0.4924812030075188 0.7439553626782393 0.025290498974709502 0.01735895846249225
0 0.8417634996582365 0.8081215127092375 0.09774436090225563 0.05145691258524489
0 0.917634996582365 0.7935523868567886 0.019822282980177717 0.013639181649101054
