0 0.24606971975393027 0.14383137011779293 0.05331510594668489 0.030998140111593304
0 0.449419002050581 0.20179789212647242 0.030758714969241284 0.03781773093614383
0 0.6370471633629529 0.24705517668939864 0.021872863978127138 0.010539367637941723
0 0.3028024606971975 0.2861128332300062 0.0177717019822283 0.02417854928704278
0 0.5847573479152427 0.2991320520768754 0.03212576896787423 0.0328580285182889
0 0.372863978127136 0.31680099194048356 0.025290498974709502 0.019838809671419714
0 0.815105946684894 0.32982021078735274 0.034859876965140126 0.029758214507129573
0 0.6418318523581682 0.3499690018598884 0.02323991797676008 0.016738995660260384
0 0.2303485987696514 0.36205827650340977 0.09842788790157211 0.032238065716057036
0 0.3718386876281613 0.4004959702417855 0.032809295967190705 0.024798512089274645
0 0.6958304853041695 0.43645381277123374 0.04921394395078606 0.03595784252944823
0 0.83526999316473 0.43273403595784254 0.02734107997265892 0.029758214507129573
0 0.36192754613807243 0.4649721016738996 0.19890635680109364 0.07811531308121512
0 0.6551606288448394 0.4531928084314941 0.02939166097060834 0.023558586484810913
0 0.7720437457279562 0.5226286422814631 0.03349282296650718 0.02727836329820211
0 0.29733424470266573 0.5220086794792312 0.03417634996582365 0.01735895846249225
0 0.08168147641831852 0.5579665220086795 0.03349282296650718 0.024798512089274645
0 0.1732740943267259 0.5536267823930564 0.021189336978810664 0.012399256044637322
0 0.8605604921394395 0.5675759454432734 0.025974025974025976 0.02417854928704278
0 0.13226247436773753 0.6283323000619963 0.047163362952836636 0.03905765654060756
0 0.8940533151059467 0.6305021698698078 0.03417634996582365 0.02851828890266584
0 0.7156527682843472 0.6360818350898946 0.02323991797676008 0.02727836329820211
0 0.8520164046479836 0.6689398636081835 0.05809979494190021 0.05579665220086795
0 0.9627477785372522 0.6881587104773713 0.06766917293233082 0.052076875387476754
0 0.39576213260423787 0.6776193428394296 0.028708133971291867 0.02851828890266584
0 0.67634996582365 0.7052076875387476 0.041695146958304855 0.03037817730936144
0 0.8007518796992481 0.7104773713577185 0.04032809295967191 0.03347799132052077
0 0.8909774436090225 0.7808431494110354 0.06766917293233082 0.04401735895846249
0 0.5580997949419002 0.24178549287042778 0.04579630895420369 0.04215747055176689
0 0.5786056049213943 0.24240545567265964 0.03759398496240601 0.032238065716057036
0 0.5970608339029392 0.4504029758214507 0.034859876965140126 0.034097954122752634
0 0.6295283663704716 0.4246745195288283 0.04784688995215311 0.044637321760694355
0 0.9730006835269993 0.7324860508369497 0.03212576896787423 0.026658400495970243
0 0.9931647300068353 0.7247365158090514 0.012303485987696514 0.032238065716057036
