0 0.31305536568694464 0.10136391816491011 0.02460697197539303 0.019218846869187848
0 0.4794941900205058 0.13825170489770613 0.034859876965140126 0.02851828890266584
0 0.3014354066985646 0.18195908245505268 0.028708133971291867 0.03037817730936144
0 0.49487354750512647 0.2402355858648481 0.09159261790840738 0.034097954122752634
0 0.4084073820915926 0.2551146931184129 0.021189336978810664 0.02169869807811531
0 0.24025974025974026 0.2796032238065716 0.05126452494873548 0.047117172969621826
0 0.530416951469583 0.28177309361438313 0.025974025974025976 0.03781773093614383
0 0.7392344497607656 0.33199008059516427 0.04579630895420369 0.034097954122752634
0 0.18079289131920712 0.3397396156230626 0.03212576896787423 0.03347799132052077
0 0.8537252221462748 0.3527588344699318 0.0710868079289132 0.03347799132052077
0 0.47026657552973344 0.3707377557346559 0.021872863978127138 0.012399256044637322
0 0.2115516062884484 0.4011159330440174 0.03759398496240601 0.0657160570365778
0 0.5847573479152427 0.38747675139491633 0.060833902939166094 0.032238065716057036
0 0.7221462747778538 0.38840669559826413 0.01845522898154477 0.01425914445133292
0 0.7771701982228298 0.39150650960942346 0.02323991797676008 0.016738995660260384
0 0.8263841421736159 0.47489150650960943 0.03417634996582365 0.02727836329820211
0 0.7781954887218046 0.5009299442033478 0.025290498974709502 0.030998140111593304
0 0.963773069036227 0.5164290142591444 0.028708133971291867 0.04959702417854929
0 0.8974709501025291 0.5120892746435214 0.03417634996582365 0.03347799132052077
0 0.7057416267942583 0.5083694978301302 0.012987012987012988 0.016119032858028518
0 0.17771701982228297 0.5480471171729696 0.06698564593301436 0.06695598264104154
0 0.24231032125768967 0.5309981401115933 0.047163362952836636 0.027898326100433975
0 0.8072453861927547 0.5384376937383757 0.03691045796308954 0.0328580285182889
0 0.8701298701298701 0.5455672659640421 0.03007518796992481 0.024798512089274645
0 0.09090909090909091 0.5570365778053317 0.03691045796308954 0.029138251704897707
0 0.5198222829801777 0.5576565406075635 0.028024606971975393 0.027898326100433975
0 0.3099794941900205 0.6230626162430254 0.05263157894736842 0.06695598264104154
0 0.7081339712918661 0.6320520768753874 0.04647983595352016 0.04525728456292622
0 0.32911825017088175 0.6642901425914445 0.030758714969241284 0.027898326100433975
0 0.5167464114832536 0.6760694358338499 0.04101161995898838 0.019218846869187848
0 0.4374572795625427 0.7076875387476751 0.06971975393028025 0.041537507749535026
0 0.8660287081339713 0.7110973341599504 0.02323991797676008 0.02727836329820211
0 0.5140123034859877 0.7653440793552387 0.03007518796992481 0.016738995660260384
0 0.8133971291866029 0.8096714197148172 0.05468215994531784 0.03967761934283943
0 0.9261790840738209 0.6844389336639801 0.032809295967190705 0.02851828890266584
0 0.9114832535885168 0.7017978921264724 0.036226930963773066 0.030998140111593304
