0 0.44463431305536566 0.2157470551766894 0.03212576896787423 0.0347179169249845
0 0.5485304169514695 0.2504649721016739 0.023923444976076555 0.02727836329820211
0 0.2993848257006152 0.2910725356478611 0.03691045796308954 0.03905765654060756
0 0.2781954887218045 0.2851828890266584 0.00683526999316473 0.008679479231246125
0 0.5895420369104579 0.29882207067575944 0.034859876965140126 0.032238065716057036
0 0.3814080656185919 0.3248605083694978 0.03007518796992481 0.022318660880347178
0 0.8219412166780588 0.328580285182889 0.0430622009569378 0.018598884066955982
0 0.17190704032809295 0.3465592064476131 0.07040328092959672 0.02851828890266584
0 0.24162679425837322 0.3434593924364538 0.041695146958304855 0.022318660880347178
0 0.6449077238550923 0.3502789832610043 0.023923444976076555 0.018598884066955982
0 0.2631578947368421 0.3660880347179169 0.05878332194121668 0.017978921264724116
0 0.937799043062201 0.38561686298822073 0.01367053998632946 0.013639181649101054
0 0.40225563909774437 0.40917544947303164 0.06766917293233082 0.023558586484810913
0 0.26999316473000684 0.4321140731556107 0.05878332194121668 0.032238065716057036
0 0.7183868762816131 0.44606323620582766 0.056049213943950786 0.035337879727216366
0 0.3714969241285031 0.4547427154370738 0.0758714969241285 0.03037817730936144
0 0.7624743677375256 0.5285182889026658 0.03212576896787423 0.02541847489150651
0 0.07826384142173616 0.5598264104153751 0.03349282296650718 0.023558586484810913
0 0.8581681476418318 0.5703657780533168 0.026657552973342446 0.023558586484810913
0 0.8933697881066303 0.62957222566646 0.039644565960355434 0.0365778053316801
0 0.8509911141490089 0.666460012399256 0.045112781954887216 0.04587724736515809
0 0.4090909090909091 0.6872287662740235 0.030758714969241284 0.01425914445133292
0 0.9473684210526315 0.7014879107253564 0.04237867395762133 0.0328580285182889
0 0.7026657552973342 0.7048977061376317 0.04101161995898838 0.024798512089274645
0 0.8031442241968558 0.712957222566646 0.02323991797676008 0.022318660880347178
0 0.9931647300068353 0.7238065716057036 0.01367053998632946 0.029138251704897707
0 0.9702665755297334 0.7324860508369497 0.03349282296650718 0.027898326100433975
0 0.9415584415584416 0.7923124612523249 0.11688311688311688 0.030998140111593304
0 0.5997949419002051 0.44668319900805953 0.04579630895420369 0.04649721016738995
0 0.6322624743677375 0.4240545567265964 0.04237867395762133 0.038437693738375696
