0 0.23205741626794257 0.23496590204587725 0.06630211893369788 0.02851828890266584
0 0.3304853041695147 0.28115313081215126 0.03349282296650718 0.0328580285182889
0 0.2874231032125769 0.2926224426534408 0.03759398496240601 0.037197768133911964
0 0.5915926179084073 0.31029138251704896 0.017088174982911826 0.006819590824550527
0 0.6476418318523581 0.3456292622442653 0.022556390977443608 0.017978921264724116
0 0.30963773069036227 0.3592684438933664 0.06151742993848257 0.03037817730936144
0 0.23547505126452495 0.35709857408555484 0.023923444976076555 0.013639181649101054
0 0.21975393028024606 0.407625542467452 0.05263157894736842 0.03161810291382517
0 0.8181818181818182 0.41227526348419097 0.028708133971291867 0.013639181649101054
0 0.44121667805878334 0.4144451332920025 0.026657552973342446 0.010539367637941723
0 0.7795625427204375 0.4801611903285803 0.07177033492822966 0.04773713577185369
0 0.7416267942583732 0.5381277123372598 0.02734107997265892 0.024798512089274645
0 0.6630211893369788 0.5387476751394916 0.021872863978127138 0.01735895846249225
0 0.9784688995215312 0.5619962802231866 0.0430622009569378 0.06261624302541847
0 0.07723855092276145 0.5526968381897086 0.0177717019822283 0.017978921264724116
0 0.8475734791524265 0.5781153130812151 0.02460697197539303 0.02169869807811531
0 0.9336978810663021 0.6171729696218227 0.009569377990430622 0.01425914445133292
0 0.9360902255639098 0.6624302541847489 0.007518796992481203 0.006819590824550527
0 0.9603554340396445 0.7222566646001239 0.03691045796308954 0.02851828890266584
0 0.9200273410799726 0.7290762554246745 0.02734107997265892 0.02851828890266584
