0 0.449419002050581 0.21357718536887788 0.030758714969241284 0.0328580285182889
0 0.5536568694463432 0.2495350278983261 0.03007518796992481 0.03161810291382517
0 0.575187969924812 0.24984500929944203 0.01161995898838004 0.012399256044637322
0 0.303485987696514 0.2898326100433974 0.032809295967190705 0.03781773093614383
0 0.5922761449077238 0.2985120892746435 0.03349282296650718 0.03161810291382517
0 0.38072453861927547 0.3230006199628022 0.025974025974025976 0.023558586484810913
0 0.8250170881749829 0.3282703037817731 0.04784688995215311 0.02417854928704278
0 0.21565276828434723 0.35430874147551145 0.15789473684210525 0.041537507749535026
0 0.24162679425837322 0.3456292622442653 0.03212576896787423 0.017978921264724116
0 0.6462747778537252 0.351828890266584 0.025290498974709502 0.02045877247365158
0 0.398838004101162 0.4088654680719157 0.05809979494190021 0.02045877247365158
0 0.3359535201640465 0.44699318040917546 0.17703349282296652 0.06323620582765034
0 0.7149692412850308 0.44420334779913206 0.05194805194805195 0.0365778053316801
0 0.6626794258373205 0.4531928084314941 0.01161995898838004 0.008679479231246125
0 0.767259056732741 0.5269683818970862 0.03349282296650718 0.024798512089274645
0 0.08133971291866028 0.5607563546187229 0.032809295967190705 0.02417854928704278
0 0.8609022556390977 0.5678859268443893 0.025290498974709502 0.024798512089274645
0 0.8950786056049214 0.6280223186608803 0.0430622009569378 0.037197768133911964
0 0.8533834586466166 0.6649101053936763 0.04989747095010253 0.05269683818970862
0 0.4128503075871497 0.689398636081835 0.0355434039644566 0.022318660880347178
0 0.9501025290498974 0.6974581525108493 0.04784688995215311 0.037197768133911964
0 0.7012987012987013 0.7039677619342839 0.04101161995898838 0.026658400495970243
0 0.8041695146958305 0.7123372597644141 0.03212576896787423 0.02851828890266584
0 0.9398496240601504 0.7892126472411656 0.12030075187969924 0.03347799132052077
0 0.6018455228981545 0.4485430874147551 0.04579630895420369 0.04525728456292622
0 0.6339712918660287 0.4231246125232486 0.048530416951469584 0.040297582145071294
0 0.9938482570061518 0.7228766274023558 0.010936431989063569 0.030998140111593304
0 0.9726589200273411 0.7309361438313701 0.032809295967190705 0.02851828890266584
