0 0.3024606971975393 0.05362678239305642 0.017088174982911826 0.01425914445133292
0 0.43028024606971976 0.06199628022318661 0.014354066985645933 0.013639181649101054
0 0.2604237867395762 0.09144451332920024 0.02734107997265892 0.02169869807811531
0 0.6862611073137389 0.1903285802851829 0.028708133971291867 0.01735895846249225
0 0.8492822966507177 0.2402355858648481 0.034859876965140126 0.02169869807811531
0 0.893028024606972 0.25170489770613763 0.01572112098427888 0.014879107253564786
0 0.5686944634313056 0.2758834469931804 0.07792207792207792 0.04215747055176689
0 0.47060833902939164 0.27340359578425294 0.02939166097060834 0.024798512089274645
0 0.9921394395078605 0.2786732796032238 0.01572112098427888 0.027898326100433975
0 0.5092276144907724 0.28301301921884686 0.04101161995898838 0.034097954122752634
0 0.42515379357484623 0.3171109733415995 0.02460697197539303 0.019218846869187848
0 0.2877648667122351 0.3254804711717297 0.02050580997949419 0.016119032858028518
0 0.38550922761449075 0.3360198388096714 0.032809295967190705 0.024798512089274645
0 0.5690362269309638 0.3350898946063236 0.023923444976076555 0.017978921264724116
0 0.6404647983595352 0.3456292622442653 0.04237867395762133 0.034097954122752634
0 0.5799726589200274 0.37631742095474274 0.04032809295967191 0.02851828890266584
0 0.7874231032125769 0.3899566026038438 0.04237867395762133 0.023558586484810913
0 0.9125085440874915 0.4277743335399876 0.039644565960355434 0.03595784252944823
0 0.9600136705399863 0.4606323620582765 0.047163362952836636 0.04215747055176689
0 0.8653451811346549 0.4903905765654061 0.12850307587149692 0.08555486670799752
0 0.5775803144224196 0.5034097954122753 0.10526315789473684 0.037197768133911964
0 0.20574162679425836 0.5176689398636082 0.039644565960355434 0.026038437693738377
0 0.08885850991114148 0.5827650340979541 0.02734107997265892 0.029758214507129573
0 0.32809295967190705 0.5911345319280843 0.032809295967190705 0.0365778053316801
0 0.5608339029391661 0.5889646621202728 0.010252904989747095 0.007439553626782393
0 0.5208475734791524 0.5998140111593304 0.04921394395078606 0.026658400495970243
0 0.43677375256322626 0.6283323000619963 0.04237867395762133 0.035337879727216366
0 0.8718386876281613 0.6308121512709237 0.036226930963773066 0.017978921264724116
0 0.9487354750512645 0.6469311841289522 0.03144224196855776 0.035337879727216366
0 0.4241285030758715 0.6707997520148791 0.07177033492822966 0.047117172969621826
0 0.9060150375939849 0.6779293242405455 0.026657552973342446 0.02045877247365158
0 0.07313738892686261 0.6831990080595164 0.028708133971291867 0.022318660880347178
0 0.22795625427204375 0.698698078115313 0.03212576896787423 0.03347799132052077
0 0.7207792207792207 0.7476751394916304 0.13055365686944634 0.08927464352138871
0 0.8588516746411483 0.7222566646001239 0.034859876965140126 0.029758214507129573
0 0.14559125085440874 0.7281463112213267 0.021872863978127138 0.017978921264724116
0 0.47060833902939164 0.7355858648481091 0.02939166097060834 0.017978921264724116
0 0.08270676691729323 0.7417854928704277 0.03417634996582365 0.02169869807811531
0 0.2939166097060834 0.7675139491630503 0.05194805194805195 0.030998140111593304
0 0.3547505126452495 0.7830130192188469 0.021872863978127138 0.013639181649101054
0 0.6114149008885851 0.8140111593304402 0.03212576896787423 0.02727836329820211
0 0.6261107313738893 0.8673279603223807 0.08749145591250855 0.08059516429014259
0 0.5095693779904307 0.5399876007439554 0.028024606971975393 0.022318660880347178
0 0.5123034859876965 0.5598264104153751 0.047163362952836636 0.018598884066955982
