0 0.3116883116883117 0.13360198388096714 0.10116199589883801 0.035337879727216366
0 0.4569377990430622 0.18660880347179168 0.03349282296650718 0.038437693738375696
0 0.5635680109364319 0.22938623682579046 0.05263157894736842 0.04339739615623062
0 0.5850991114149009 0.23372597644141352 0.03417634996582365 0.032238065716057036
0 0.638755980861244 0.2383756974581525 0.025290498974709502 0.02169869807811531
0 0.5782638414217361 0.29975201487910724 0.03144224196855776 0.026658400495970243
0 0.8031442241968558 0.3369497830130192 0.04237867395762133 0.02541847489150651
0 0.9702665755297334 0.3462492250464972 0.023923444976076555 0.035337879727216366
0 0.6237183868762816 0.4228146311221327 0.034859876965140126 0.037197768133911964
0 0.8267259056732741 0.42529448233106015 0.0430622009569378 0.04091754494730316
0 0.6766917293233082 0.4268443893366398 0.04921394395078606 0.03905765654060756
0 0.3062200956937799 0.4504029758214507 0.04784688995215311 0.035337879727216366
0 0.6319207108680793 0.46094234345939245 0.05536568694463431 0.03161810291382517
0 0.7816131237183869 0.5127092374457533 0.034859876965140126 0.029758214507129573
0 0.9015721120984279 0.5037197768133912 0.019138755980861243 0.013019218846869188
0 0.2922077922077922 0.5223186608803472 0.03349282296650718 0.02169869807811531
0 0.16609706083390294 0.5399876007439554 0.050580997949419004 0.04215747055176689
0 0.08544087491455912 0.5557966522008679 0.032809295967190705 0.026658400495970243
0 0.8622693096377307 0.5626162430254185 0.025290498974709502 0.02417854928704278
0 0.8574846206425154 0.6345319280843149 0.053998632946001365 0.04525728456292622
0 0.12508544087491455 0.6289522628642281 0.01367053998632946 0.017978921264724116
0 0.7084757347915243 0.6549907005579665 0.04032809295967191 0.06261624302541847
0 0.38619275461380725 0.6593304401735895 0.02460697197539303 0.02541847489150651
0 0.30758714969241285 0.6831990080595164 0.03691045796308954 0.02727836329820211
0 0.6520847573479153 0.7052076875387476 0.03691045796308954 0.035337879727216366
0 0.8004101161995899 0.7021078735275883 0.01367053998632946 0.011779293242405457
0 0.878673957621326 0.7191568505889646 0.021189336978810664 0.019838809671419714
0 0.885850991114149 0.7681339119652821 0.012303485987696514 0.009919404835709857
0 0.9688995215311005 0.7253564786112833 0.047163362952836636 0.0347179169249845
0 0.9692412850307587 0.6822690638561686 0.06015037593984962 0.05269683818970862
