0 0.22522214627477785 0.2393056416615003 0.059466848940533154 0.02727836329820211
0 0.42822966507177035 0.2393056416615003 0.022556390977443608 0.013639181649101054
0 0.2911825017088175 0.2920024798512089 0.043745727956254275 0.038437693738375696
0 0.5946684894053315 0.30068195908245504 0.04101161995898838 0.024798512089274645
0 0.39747095010252903 0.32982021078735274 0.02939166097060834 0.014879107253564786
0 0.2812713602187286 0.351828890266584 0.09227614490772386 0.03781773093614383
0 0.6473000683526999 0.3453192808431494 0.02323991797676008 0.01735895846249225
0 0.23752563226247436 0.35895846249225044 0.03759398496240601 0.022318660880347178
0 0.8298017771701982 0.3806571605703658 0.02460697197539303 0.023558586484810913
0 0.23615857826384143 0.41227526348419097 0.05263157894736842 0.03595784252944823
0 0.5997949419002051 0.44048357098574087 0.022556390977443608 0.02417854928704278
0 0.7593984962406015 0.46931184128952264 0.06288448393711552 0.038437693738375696
0 0.6643882433356118 0.5402975821450713 0.0355434039644566 0.03037817730936144
0 0.7474367737525632 0.5359578425294482 0.02939166097060834 0.022938623682579044
0 0.9559125085440875 0.5836949783013019 0.08817498291182502 0.11593304401735896
0 0.07723855092276145 0.5579665220086795 0.02460697197539303 0.024798512089274645
0 0.8503075871496925 0.5759454432734036 0.02460697197539303 0.022318660880347178
0 0.9295967190704033 0.6627402355858648 0.010936431989063569 0.006199628022318661
0 0.9634313055365687 0.7253564786112833 0.03896103896103896 0.032238065716057036
0 0.920369104579631 0.7365158090514569 0.01572112098427888 0.018598884066955982
0 0.4183185235816815 0.4172349659020459 0.03691045796308954 0.01735895846249225
0 0.44805194805194803 0.41661500309981403 0.026657552973342446 0.016119032858028518
