0 0.43130553656869447 0.23620582765034098 0.025974025974025976 0.019838809671419714
0 0.22180451127819548 0.24240545567265964 0.053998632946001365 0.02727836329820211
0 0.2911825017088175 0.29324240545567265 0.043745727956254275 0.038437693738375696
0 0.5943267259056733 0.300991940483571 0.041695146958304855 0.027898326100433975
0 0.14866712235133286 0.3301301921884687 0.017088174982911826 0.016738995660260384
0 0.3954203691045796 0.33168009919404834 0.030758714969241284 0.013639181649101054
0 0.6473000683526999 0.34872907625542465 0.02323991797676008 0.02045877247365158
0 0.24128503075871496 0.41754494730316183 0.05331510594668489 0.0328580285182889
0 0.5991114149008886 0.44234345939243647 0.03349282296650718 0.03161810291382517
0 0.7511961722488039 0.46373217606943584 0.050580997949419004 0.0347179169249845
0 0.7501708817498292 0.5353378797272164 0.030758714969241284 0.02417854928704278
0 0.66473000683527 0.5409175449473032 0.034859876965140126 0.03161810291382517
0 0.955228981544771 0.5861748295102294 0.08954203691045796 0.11965282083075016
0 0.07621326042378673 0.5588964662120273 0.02939166097060834 0.02541847489150651
0 0.8520164046479836 0.5762554246745195 0.025290498974709502 0.022938623682579044
0 0.9265208475734792 0.6639801611903285 0.00888585099111415 0.0037197768133911966
0 0.9651401230348599 0.7281463112213267 0.03691045796308954 0.03161810291382517
0 0.45112781954887216 0.4184748915065096 0.02323991797676008 0.014879107253564786
0 0.4169514695830485 0.41785492870427776 0.04647983595352016 0.021078735275883446
0 0.23718386876281614 0.3605083694978301 0.03827751196172249 0.026658400495970243
0 0.27648667122351334 0.35244885306881585 0.09227614490772386 0.03781773093614383
