0 0.4319890635680109 0.06354618722876627 0.032809295967190705 0.015499070055796652
0 0.2652084757347915 0.09516429014259145 0.03144224196855776 0.02169869807811531
0 0.6889952153110048 0.18970861748295104 0.02734107997265892 0.01735895846249225
0 0.8561175666438824 0.23775573465592065 0.03212576896787423 0.02169869807811531
0 0.894395078605605 0.25015499070055797 0.030758714969241284 0.03037817730936144
0 0.4750512645249487 0.2703037817730936 0.0355434039644566 0.023558586484810913
0 0.5119617224880383 0.28022318660880347 0.03417634996582365 0.029758214507129573
0 0.995557074504443 0.27743335399876007 0.00888585099111415 0.019218846869187848
0 0.5909090909090909 0.2814631122132672 0.02939166097060834 0.021078735275883446
0 0.4289131920710868 0.3143211407315561 0.023923444976076555 0.019838809671419714
0 0.28708133971291866 0.32610043397396155 0.00683526999316473 0.006199628022318661
0 0.39473684210526316 0.33725976441413513 0.036226930963773066 0.024798512089274645
0 0.5758714969241285 0.3350898946063236 0.01845522898154477 0.02045877247365158
0 0.638755980861244 0.34500929944203346 0.034859876965140126 0.029138251704897707
0 0.5748462064251538 0.37817730936143834 0.03007518796992481 0.019838809671419714
0 0.8192071086807929 0.374767513949163 0.010252904989747095 0.009299442033477991
0 0.7754613807245386 0.39150650960942346 0.034859876965140126 0.02417854928704278
0 0.9077238550922762 0.4283942963422195 0.04647983595352016 0.04091754494730316
0 0.9589883800410116 0.4606323620582765 0.050580997949419004 0.044637321760694355
0 0.8677375256322625 0.4888406695598264 0.10457963089542037 0.06881587104773713
0 0.6285030758714969 0.5037197768133912 0.15652768284347232 0.035337879727216366
0 0.21223513328776486 0.5158090514569126 0.03759398496240601 0.023558586484810913
0 0.08749145591250855 0.5781153130812151 0.03007518796992481 0.03161810291382517
0 0.3274094326725906 0.5957842529448233 0.03691045796308954 0.04091754494730316
0 0.49965823650034175 0.6069435833849969 0.028708133971291867 0.016119032858028518
0 0.9460013670539986 0.6308121512709237 0.032809295967190705 0.03781773093614383
0 0.43574846206425155 0.6258524488530688 0.03349282296650718 0.026658400495970243
0 0.8673957621326043 0.6274023558586485 0.039644565960355434 0.019838809671419714
0 0.4258373205741627 0.6695598264104153 0.06698564593301436 0.04959702417854929
0 0.07074504442925496 0.6822690638561686 0.014354066985645933 0.011779293242405457
0 0.21496924128503075 0.7052076875387476 0.03759398496240601 0.03781773093614383
0 0.7238550922761449 0.7455052696838189 0.16404647983595352 0.11469311841289523
0 0.9917976760082023 0.7011779293242405 0.010936431989063569 0.012399256044637322
0 0.8605604921394395 0.7222566646001239 0.03417634996582365 0.02727836329820211
0 0.14114832535885166 0.726596404215747 0.023923444976076555 0.024798512089274645
0 0.07928913192071087 0.7389956602603843 0.032809295967190705 0.021078735275883446
0 0.47710184552289814 0.7355858648481091 0.025974025974025976 0.015499070055796652
0 0.2894736842105263 0.7613143211407316 0.04989747095010253 0.030998140111593304
0 0.606971975393028 0.8090514569125853 0.02050580997949419 0.018598884066955982
0 0.6206425153793574 0.8508989460632362 0.06425153793574846 0.048977061376317424
0 0.9039644565960355 0.9640421574705518 0.025290498974709502 0.011159330440173589
0 0.5116199589883801 0.5344079355238686 0.03759398496240601 0.022318660880347178
0 0.5256322624743678 0.5530068195908245 0.056049213943950786 0.023558586484810913
