0 0.24948735475051265 0.14042157470551767 0.04784688995215311 0.03037817730936144
0 0.4514695830485304 0.19745815251084936 0.02939166097060834 0.035337879727216366
0 0.6390977443609023 0.2448853068815871 0.02323991797676008 0.012399256044637322
0 0.30314422419685577 0.2842529448233106 0.012987012987012988 0.015499070055796652
0 0.5847573479152427 0.29789212647241164 0.03212576896787423 0.0328580285182889
0 0.3718386876281613 0.3133911965282083 0.02323991797676008 0.019218846869187848
0 0.8130553656869446 0.3310601363918165 0.03212576896787423 0.02851828890266584
0 0.6418318523581682 0.3481091134531928 0.02050580997949419 0.016738995660260384
0 0.23171565276828435 0.36174829510229384 0.08339029391660971 0.027898326100433975
0 0.3708133971291866 0.398326100433974 0.030758714969241284 0.02417854928704278
0 0.6281613123718387 0.4231246125232486 0.04784688995215311 0.04525728456292622
0 0.8342447026657553 0.42901425914445135 0.03212576896787423 0.03595784252944823
0 0.6924128503075871 0.4342839429634222 0.04647983595352016 0.03781773093614383
0 0.36295283663704714 0.46373217606943584 0.19685577580314423 0.07687538747675139
0 0.595352016404648 0.4482331060136392 0.02734107997265892 0.02851828890266584
0 0.65311004784689 0.45164290142591446 0.030758714969241284 0.022938623682579044
0 0.773069036226931 0.5192188468691878 0.0355434039644566 0.027898326100433975
0 0.2966507177033493 0.5210787352758834 0.03691045796308954 0.02169869807811531
0 0.17566643882433355 0.550836949783013 0.028708133971291867 0.02045877247365158
0 0.08304853041695147 0.5570365778053317 0.03349282296650718 0.02541847489150651
0 0.8605604921394395 0.5657160570365778 0.025974025974025976 0.026658400495970243
0 0.13055365686944634 0.629262244265344 0.04784688995215311 0.04339739615623062
0 0.8926862611073137 0.6280223186608803 0.02460697197539303 0.019838809671419714
0 0.7156527682843472 0.6363918164910105 0.02460697197539303 0.03161810291382517
0 0.8516746411483254 0.6667699938003719 0.056049213943950786 0.05393676379417235
0 0.3943950786056049 0.671109733415995 0.025974025974025976 0.029138251704897707
0 0.9647983595352017 0.684748915065096 0.06766917293233082 0.05145691258524489
0 0.30656185919343815 0.6841289522628642 0.023923444976076555 0.01425914445133292
0 0.671907040328093 0.703347799132052 0.045112781954887216 0.0328580285182889
0 0.8014354066985646 0.7076875387476751 0.03759398496240601 0.0328580285182889
0 0.885850991114149 0.7749535027898327 0.05878332194121668 0.03967761934283943
0 0.5594668489405331 0.2383756974581525 0.048530416951469584 0.041537507749535026
0 0.5813397129186603 0.23961562306261625 0.03759398496240601 0.034097954122752634
0 0.9917976760082023 0.7222566646001239 0.015037593984962405 0.02727836329820211
0 0.9726589200273411 0.7284562926224426 0.032809295967190705 0.02851828890266584
