0 0.5208475734791524 0.09547427154370738 0.016404647983595352 0.0049597024178549285
0 0.2857142857142857 0.10539367637941724 0.039644565960355434 0.019838809671419714
0 0.7050580997949419 0.19466831990080596 0.030758714969241284 0.014879107253564786
0 0.8957621326042379 0.24891506509609423 0.04442925495557074 0.03905765654060756
0 0.49111414900888584 0.27061376317420954 0.03896103896103896 0.029138251704897707
0 0.9747095010252905 0.296342219466832 0.028708133971291867 0.01735895846249225
0 0.4483937115516063 0.3115313081215127 0.028708133971291867 0.017978921264724116
0 0.430622009569378 0.3490390576565406 0.050580997949419004 0.0347179169249845
0 0.25256322624743677 0.3583384996900186 0.01572112098427888 0.018598884066955982
0 0.8298017771701982 0.3787972721636702 0.0355434039644566 0.021078735275883446
0 0.7358168147641831 0.4032858028518289 0.059466848940533154 0.029138251704897707
0 0.8920027341079972 0.43645381277123374 0.05878332194121668 0.05827650340979541
0 0.8318523581681476 0.44885306881587106 0.016404647983595352 0.016119032858028518
0 0.09842788790157211 0.4792312461252325 0.039644565960355434 0.03967761934283943
0 0.5252904989747095 0.4972101673899566 0.026657552973342446 0.019838809671419714
0 0.8028024606971975 0.5176689398636082 0.1319207108680793 0.053316800991940486
0 0.24812030075187969 0.5117792932424055 0.05741626794258373 0.027898326100433975
0 0.310663021189337 0.5660260384376937 0.04442925495557074 0.0347179169249845
0 0.9473684210526315 0.5799752014879107 0.028708133971291867 0.06261624302541847
0 0.6500341763499659 0.5790452572845629 0.04784688995215311 0.04835709857408556
0 0.6927546138072453 0.5731556106633602 0.030758714969241284 0.0365778053316801
0 0.08714969241285031 0.5728456292622442 0.034859876965140126 0.02727836329820211
0 0.14251537935748462 0.6050836949783013 0.07177033492822966 0.052076875387476754
0 0.9876965140123035 0.6184128952262864 0.02460697197539303 0.06013639181649101
0 0.6274777853725222 0.6627402355858648 0.05741626794258373 0.05827650340979541
0 0.9354066985645934 0.6769993800371977 0.036226930963773066 0.02727836329820211
0 0.11551606288448393 0.6859888406695598 0.10116199589883801 0.029138251704897707
0 0.9227614490772386 0.7213267203967761 0.04101161995898838 0.0365778053316801
0 0.8622693096377307 0.7197768133911965 0.03349282296650718 0.02727836329820211
0 0.11961722488038277 0.7169869807811531 0.021872863978127138 0.016738995660260384
0 0.18181818181818182 0.7293862368257904 0.0355434039644566 0.040297582145071294
0 0.9935064935064936 0.7637941723496591 0.012987012987012988 0.08307501549907005
0 0.2734107997265892 0.745195288282703 0.045112781954887216 0.03967761934283943
0 0.0721120984278879 0.7321760694358338 0.014354066985645933 0.0037197768133911966
0 0.49487354750512647 0.7445753254804711 0.02460697197539303 0.018598884066955982
0 0.9200273410799726 0.7941723496590205 0.0355434039644566 0.022318660880347178
0 0.8499658236500341 0.8133911965282083 0.09774436090225563 0.052076875387476754
0 0.9986329460013671 0.9463732176069436 0.002734107997265892 0.029138251704897707
