0 0.2607655502392344 0.10322380657160571 0.026657552973342446 0.02045877247365158
0 0.3212576896787423 0.1050836949783013 0.00683526999316473 0.005579665220086794
0 0.23752563226247436 0.1277123372597644 0.05809979494190021 0.04587724736515809
0 0.4719753930280246 0.16119032858028517 0.04032809295967191 0.030998140111593304
0 0.3499658236500342 0.23806571605703658 0.06425153793574846 0.0657160570365778
0 0.7758031442241968 0.2541847489150651 0.03144224196855776 0.022318660880347178
0 0.7136021872863978 0.2982021078735276 0.06015037593984962 0.052076875387476754
0 0.5557074504442926 0.2985120892746435 0.03691045796308954 0.0328580285182889
0 0.24880382775119617 0.2944823310601364 0.02050580997949419 0.021078735275883446
0 0.23855092276144907 0.32238065716057035 0.03691045796308954 0.03347799132052077
0 0.7734107997265892 0.33292002479851207 0.05673274094326726 0.03595784252944823
0 0.5095693779904307 0.3688778673279603 0.03759398496240601 0.023558586484810913
0 0.7949419002050581 0.3992560446373218 0.04921394395078606 0.024798512089274645
0 0.6411483253588517 0.407625542467452 0.04647983595352016 0.035337879727216366
0 0.9712918660287081 0.4745815251084935 0.03007518796992481 0.04649721016738995
0 0.6049213943950786 0.4717916924984501 0.03691045796308954 0.02851828890266584
0 0.12166780587833219 0.5003099814011159 0.04237867395762133 0.04091754494730316
0 0.924812030075188 0.49659020458772474 0.04101161995898838 0.032238065716057036
0 0.8038277511961722 0.49473031618102914 0.03007518796992481 0.024798512089274645
0 0.8673957621326043 0.5520768753874767 0.02734107997265892 0.02417854928704278
0 0.0898838004101162 0.5567265964042157 0.036226930963773066 0.024798512089274645
0 0.2768284347231716 0.6748295102293862 0.05878332194121668 0.07625542467451953
0 0.3202323991797676 0.6717296962182269 0.03896103896103896 0.034097954122752634
0 0.8082706766917294 0.7042777433353998 0.02939166097060834 0.037197768133911964
0 0.8718386876281613 0.7148171109733416 0.025290498974709502 0.026038437693738377
0 0.8304853041695147 0.7830130192188469 0.04101161995898838 0.037197768133911964
0 0.5297334244702666 0.7774333539987601 0.04101161995898838 0.024798512089274645
0 0.9251537935748462 0.6773093614383137 0.04032809295967191 0.029138251704897707
0 0.9477101845522898 0.7070675759454432 0.05536568694463431 0.041537507749535026
