0 0.5150375939849624 0.09764414135151891 0.022556390977443608 0.009299442033477991
0 0.2901572112098428 0.10570365778053317 0.041695146958304855 0.02045877247365158
0 0.7084757347915243 0.1949783013019219 0.03212576896787423 0.016738995660260384
0 0.8950786056049214 0.24984500929944203 0.0430622009569378 0.038437693738375696
0 0.4924812030075188 0.27061376317420954 0.036226930963773066 0.026658400495970243
0 0.9774436090225563 0.2982021078735276 0.03144224196855776 0.01735895846249225
0 0.4504442925495557 0.31184128952262863 0.02734107997265892 0.01735895846249225
0 0.4456596035543404 0.35802851828890264 0.06698564593301436 0.04401735895846249
0 0.2566643882433356 0.35709857408555484 0.028024606971975393 0.024798512089274645
0 0.8332194121667806 0.3778673279603224 0.02734107997265892 0.016738995660260384
0 0.722488038277512 0.4088654680719157 0.0710868079289132 0.03905765654060756
0 0.8889268626110731 0.43738375697458154 0.060833902939166094 0.06013639181649101
0 0.8291182501708817 0.4504029758214507 0.02460697197539303 0.022938623682579044
0 0.10218728639781272 0.46652200867947924 0.03349282296650718 0.026658400495970243
0 0.5297334244702666 0.49380037197768134 0.045112781954887216 0.029138251704897707
0 0.8202323991797676 0.5210787352758834 0.11346548188653452 0.056416615003099815
0 0.2532467532467532 0.5102293862368258 0.05536568694463431 0.02851828890266584
0 0.9497607655502392 0.5666460012399256 0.028024606971975393 0.06695598264104154
0 0.3178400546821599 0.569435833849969 0.05194805194805195 0.03781773093614383
0 0.6910457963089542 0.5685058896466212 0.025974025974025976 0.0347179169249845
0 0.6520847573479153 0.5790452572845629 0.05331510594668489 0.05455672659640422
0 0.08783321941216678 0.5719156850588965 0.03349282296650718 0.026658400495970243
0 0.15516062884483936 0.5939243645381277 0.06425153793574846 0.044637321760694355
0 0.9894053315105946 0.6035337879727216 0.021189336978810664 0.0328580285182889
0 0.6179084073820916 0.652820830750155 0.05331510594668489 0.05579665220086795
0 0.7252221462747779 0.6360818350898946 0.0177717019822283 0.01735895846249225
0 0.9326725905673274 0.675759454432734 0.047163362952836636 0.032238065716057036
0 0.09090909090909091 0.6881587104773713 0.08339029391660971 0.024798512089274645
0 0.922077922077922 0.717606943583385 0.043745727956254275 0.03905765654060756
0 0.8636363636363636 0.7185368877867327 0.030758714969241284 0.029758214507129573
0 0.11619958988380041 0.7163670179789212 0.02460697197539303 0.017978921264724116
0 0.1732740943267259 0.7331060136391816 0.041695146958304855 0.03781773093614383
0 0.2703349282296651 0.7414755114693118 0.0430622009569378 0.037197768133911964
0 0.49726589200273413 0.7479851208927464 0.025290498974709502 0.022938623682579044
0 0.9962406015037594 0.764104153750775 0.007518796992481203 0.04649721016738995
0 0.9449760765550239 0.7982021078735276 0.09501025290498975 0.040297582145071294
0 0.8656869446343131 0.8214507129572226 0.10184552289815448 0.06075635461872288
0 0.9921394395078605 0.9327340359578425 0.01572112098427888 0.05393676379417235
