0 0.23308270676691728 0.14972101673899565 0.016404647983595352 0.015499070055796652
0 0.4473684210526316 0.2101673899566026 0.030758714969241284 0.03595784252944823
0 0.5529733424470267 0.24736515809051457 0.0355434039644566 0.03595784252944823
0 0.5745044429254955 0.24922504649721017 0.019822282980177717 0.021078735275883446
0 0.3017771701982228 0.2889026658400496 0.03212576896787423 0.03595784252944823
0 0.5888585099111415 0.29882207067575944 0.03349282296650718 0.03347799132052077
0 0.37662337662337664 0.3208307501549907 0.025974025974025976 0.02169869807811531
0 0.8212576896787424 0.3276503409795412 0.047163362952836636 0.029138251704897707
0 0.215311004784689 0.356478611283323 0.14764183185235816 0.04215747055176689
0 0.6428571428571429 0.3512089274643521 0.026657552973342446 0.022938623682579044
0 0.39371155160628846 0.40638561686298824 0.05741626794258373 0.022938623682579044
0 0.34757347915242653 0.4593924364538128 0.19890635680109364 0.07935523868567886
0 0.7088174982911825 0.44296342219466833 0.05194805194805195 0.03781773093614383
0 0.8386876281613124 0.4324240545567266 0.008202323991797676 0.006819590824550527
0 0.65892002734108 0.4519528828270304 0.02460697197539303 0.018598884066955982
0 0.7679425837320574 0.5260384376937384 0.03349282296650718 0.02541847489150651
0 0.08065618591934381 0.5598264104153751 0.032809295967190705 0.023558586484810913
0 0.8595352016404648 0.5685058896466212 0.026657552973342446 0.02727836329820211
0 0.8933697881066303 0.6311221326720396 0.045112781954887216 0.03967761934283943
0 0.8520164046479836 0.6661500309981401 0.05536568694463431 0.05393676379417235
0 0.40601503759398494 0.6878487290762554 0.03007518796992481 0.02541847489150651
0 0.9531784005468216 0.6955982641041537 0.05673274094326726 0.04215747055176689
0 0.6889952153110048 0.7052076875387476 0.05468215994531784 0.027898326100433975
0 0.8017771701982228 0.712957222566646 0.0355434039644566 0.032238065716057036
0 0.9319890635680109 0.7879727216367018 0.13602187286397813 0.04339739615623062
0 0.5984278879015721 0.4485430874147551 0.04442925495557074 0.04525728456292622
0 0.9924812030075187 0.7250464972101673 0.01367053998632946 0.03161810291382517
0 0.9706083390293917 0.7309361438313701 0.032809295967190705 0.02851828890266584
0 0.6288448393711552 0.42250464972101676 0.05194805194805195 0.041537507749535026
