0 0.3004101161995899 0.05362678239305642 0.034859876965140126 0.02169869807811531
0 0.2576896787423103 0.08741475511469311 0.025974025974025976 0.019838809671419714
0 0.7071086807928914 0.1332920024798512 0.021189336978810664 0.006199628022318661
0 0.6818181818181818 0.1903285802851829 0.026657552973342446 0.01735895846249225
0 0.5023923444976076 0.2476751394916305 0.2077922077922078 0.09733415995040298
0 0.84107997265892 0.24240545567265964 0.04032809295967191 0.022318660880347178
0 0.9876965140123035 0.27526348419094854 0.02460697197539303 0.03347799132052077
0 0.4678742310321258 0.27557346559206447 0.028024606971975393 0.02541847489150651
0 0.5054682159945317 0.28487290762554246 0.04032809295967191 0.0328580285182889
0 0.42002734107997264 0.3161810291382517 0.025290498974709502 0.018598884066955982
0 0.28161312371838687 0.31959082455052695 0.025974025974025976 0.019218846869187848
0 0.37799043062200954 0.33446993180409174 0.032809295967190705 0.02541847489150651
0 0.5632262474367737 0.33570985740855547 0.03007518796992481 0.015499070055796652
0 0.6431989063568011 0.3456292622442653 0.04101161995898838 0.03161810291382517
0 0.5861244019138756 0.3707377557346559 0.04442925495557074 0.03347799132052077
0 0.7993848257006152 0.38654680719156853 0.047163362952836636 0.026658400495970243
0 0.9193438140806562 0.4231246125232486 0.03691045796308954 0.0328580285182889
0 0.8116883116883117 0.4559826410415375 0.05263157894736842 0.026658400495970243
0 0.9600136705399863 0.4615623062616243 0.034859876965140126 0.03037817730936144
0 0.5481886534518113 0.5027898326100434 0.0710868079289132 0.03347799132052077
0 0.19924812030075187 0.5154990700557966 0.047163362952836636 0.029138251704897707
0 0.42652084757347913 0.5114693118412895 0.025974025974025976 0.021078735275883446
0 0.9179767600820232 0.5170489770613763 0.0177717019822283 0.01735895846249225
0 0.9606971975393028 0.527898326100434 0.04579630895420369 0.02417854928704278
0 0.5560492139439508 0.5604463732176069 0.03349282296650718 0.026038437693738377
0 0.5321257689678742 0.5716057036577805 0.014354066985645933 0.012399256044637322
0 0.08783321941216678 0.5861748295102294 0.023923444976076555 0.026658400495970243
0 0.3315105946684894 0.5889646621202728 0.03007518796992481 0.030998140111593304
0 0.5457963089542037 0.5911345319280843 0.05809979494190021 0.022938623682579044
0 0.4381408065618592 0.62957222566646 0.045112781954887216 0.034097954122752634
0 0.8766233766233766 0.6357718536887786 0.03349282296650718 0.02045877247365158
0 0.9531784005468216 0.6602603843769373 0.03349282296650718 0.044637321760694355
0 0.40601503759398494 0.6655300681959082 0.03144224196855776 0.022938623682579044
0 0.9060150375939849 0.680409175449473 0.036226930963773066 0.027898326100433975
0 0.07689678742310321 0.6819590824550527 0.03349282296650718 0.023558586484810913
0 0.23820915926179084 0.6934283942963422 0.034859876965140126 0.0328580285182889
0 0.880041011619959 0.6906385616862988 0.017088174982911826 0.014879107253564786
0 0.8571428571428571 0.7225666460012399 0.032809295967190705 0.03161810291382517
0 0.4675324675324675 0.7331060136391816 0.03007518796992481 0.019218846869187848
0 0.7286397812713602 0.750154990700558 0.06425153793574846 0.04587724736515809
0 0.08851674641148326 0.7417854928704277 0.03349282296650718 0.027898326100433975
0 0.3007518796992481 0.7703037817730937 0.056049213943950786 0.029138251704897707
0 0.3530416951469583 0.7848729076255425 0.04989747095010253 0.02851828890266584
0 0.6144907723855092 0.8158710477371358 0.032809295967190705 0.02851828890266584
0 0.9490772385509227 0.8502789832610044 0.04579630895420369 0.08369497830130192
0 0.627136021872864 0.8698078115313082 0.09090909090909091 0.08183508989460632
0 0.4955570745044429 0.8440793552386857 0.025974025974025976 0.02417854928704278
0 0.5020505809979494 0.5610663360198388 0.03212576896787423 0.019838809671419714
0 0.5054682159945317 0.541847489150651 0.026657552973342446 0.018598884066955982
