0 0.23718386876281614 0.23527588344699318 0.06698564593301436 0.029138251704897707
0 0.3287764866712235 0.28487290762554246 0.03417634996582365 0.034097954122752634
0 0.2863978127136022 0.2957222566646001 0.03417634996582365 0.029758214507129573
0 0.6483253588516746 0.34872907625542465 0.022556390977443608 0.017978921264724116
0 0.3154477101845523 0.36267823930564164 0.05809979494190021 0.03347799132052077
0 0.21394395078605605 0.40731556106633604 0.05331510594668489 0.030998140111593304
0 0.8226247436773753 0.4153750774953503 0.034859876965140126 0.018598884066955982
0 0.7836637047163363 0.4869807811531308 0.07450444292549556 0.050216986980781156
0 0.7392344497607656 0.5421574705517669 0.028024606971975393 0.02417854928704278
0 0.6623376623376623 0.5399876007439554 0.009569377990430622 0.006199628022318661
0 0.07758031442241968 0.5514569125852449 0.01845522898154477 0.013019218846869188
0 0.9822282980177717 0.5678859268443893 0.03007518796992481 0.0347179169249845
0 0.8462064251537936 0.583384996900186 0.02323991797676008 0.019838809671419714
0 0.9395078605604922 0.6605703657780533 0.012987012987012988 0.015499070055796652
0 0.9613807245386192 0.7234965902045877 0.03349282296650718 0.02727836329820211
0 0.9213943950786057 0.726596404215747 0.02734107997265892 0.021078735275883446
