0 0.4244702665755297 0.06540607563546187 0.032809295967190705 0.013019218846869188
0 0.2747778537252221 0.10074395536267824 0.0355434039644566 0.02169869807811531
0 0.6968557758031442 0.1940483570985741 0.026657552973342446 0.014879107253564786
0 0.8954203691045797 0.2504649721016739 0.043745727956254275 0.037197768133911964
0 0.4825700615174299 0.2699938003719777 0.03691045796308954 0.026658400495970243
0 0.9702665755297334 0.2944823310601364 0.028024606971975393 0.019838809671419714
0 0.4395078605604921 0.3115313081215127 0.025974025974025976 0.017978921264724116
0 0.41216678058783324 0.34314941103533786 0.043745727956254275 0.035337879727216366
0 0.820915926179084 0.3778673279603224 0.043745727956254275 0.026658400495970243
0 0.7518796992481203 0.3973961562306262 0.045112781954887216 0.026038437693738377
0 0.8971291866028708 0.43521388716677 0.05536568694463431 0.052076875387476754
0 0.9596719070403281 0.4587724736515809 0.03007518796992481 0.02727836329820211
0 0.10013670539986329 0.4838809671419715 0.0430622009569378 0.027898326100433975
0 0.7129186602870813 0.5052696838189709 0.20095693779904306 0.04091754494730316
0 0.23376623376623376 0.5117792932424055 0.05468215994531784 0.027898326100433975
0 0.5246069719753931 0.5269683818970862 0.04032809295967191 0.021078735275883446
0 0.29801777170198224 0.5638561686298822 0.0355434039644566 0.027898326100433975
0 0.08578263841421736 0.5743955362678239 0.034859876965140126 0.029138251704897707
0 0.6476418318523581 0.5796652200867948 0.030758714969241284 0.02727836329820211
0 0.6944634313055366 0.5840049597024178 0.03007518796992481 0.029758214507129573
0 0.9446343130553657 0.6072535647861128 0.03007518796992481 0.04401735895846249
0 0.33390293916609703 0.6044637321760694 0.026657552973342446 0.022318660880347178
0 0.11380724538619276 0.6162430254184749 0.06766917293233082 0.04215747055176689
0 0.9853041695146958 0.7213267203967761 0.02939166097060834 0.24240545567265964
0 0.8574846206425154 0.6224426534407935 0.019822282980177717 0.013639181649101054
0 0.14730006835269993 0.6773093614383137 0.0786056049213944 0.03161810291382517
0 0.6473000683526999 0.6909485430874147 0.08202323991797676 0.05269683818970862
0 0.19480519480519481 0.7191568505889646 0.03691045796308954 0.037197768133911964
0 0.861244019138756 0.7210167389956602 0.03827751196172249 0.026038437693738377
0 0.12679425837320574 0.7197768133911965 0.019822282980177717 0.01735895846249225
0 0.9227614490772386 0.7247365158090514 0.03007518796992481 0.026038437693738377
0 0.07416267942583732 0.7349659020458772 0.028024606971975393 0.010539367637941723
0 0.2771701982228298 0.7507749535027899 0.048530416951469584 0.037197768133911964
0 0.48530416951469585 0.7399256044637321 0.025974025974025976 0.015499070055796652
0 0.8058783321941216 0.7951022938623683 0.10252904989747096 0.050216986980781156
