0 0.4408749145591251 0.2259764414135152 0.03007518796992481 0.03037817730936144
0 0.20710868079289133 0.25077495350278983 0.0355434039644566 0.022938623682579044
0 0.2952836637047163 0.2957222566646001 0.045112781954887216 0.04339739615623062
0 0.5915926179084073 0.30161190328580284 0.03759398496240601 0.029138251704897707
0 0.385850991114149 0.3310601363918165 0.030758714969241284 0.018598884066955982
0 0.16131237183868763 0.3437693738375697 0.04921394395078606 0.02541847489150651
0 0.2593984962406015 0.35430874147551145 0.0758714969241285 0.03905765654060756
0 0.6452494873547505 0.35058896466212025 0.02323991797676008 0.02045877247365158
0 0.23684210526315788 0.3651580905145691 0.022556390977443608 0.012399256044637322
0 0.9408749145591251 0.3871667699938004 0.023923444976076555 0.017978921264724116
0 0.2566643882433356 0.425914445133292 0.05263157894736842 0.044637321760694355
0 0.4053315105946685 0.4153750774953503 0.05741626794258373 0.022318660880347178
0 0.6302118933697881 0.4240545567265964 0.02460697197539303 0.022318660880347178
0 0.5994531784005468 0.44575325480471173 0.045112781954887216 0.044637321760694355
0 0.7337662337662337 0.4556726596404216 0.063568010936432 0.03595784252944823
0 0.7563226247436774 0.5319280843149411 0.030758714969241284 0.02727836329820211
0 0.6643882433356118 0.5427774333539988 0.028708133971291867 0.02541847489150651
0 0.9569377990430622 0.5929944203347799 0.0861244019138756 0.10477371357718537
0 0.07723855092276145 0.5604463732176069 0.03144224196855776 0.024798512089274645
0 0.8547505126452495 0.5722256664600124 0.025290498974709502 0.024798512089274645
0 0.8920027341079972 0.62957222566646 0.012303485987696514 0.016738995660260384
0 0.8503075871496925 0.6686298822070675 0.012303485987696514 0.010539367637941723
0 0.9415584415584416 0.7027278363298202 0.03212576896787423 0.02417854928704278
0 0.9938482570061518 0.7222566646001239 0.012303485987696514 0.024798512089274645
0 0.9668489405331511 0.7306261624302541 0.036226930963773066 0.03037817730936144
0 0.956596035543404 0.7913825170489771 0.08680792891319207 0.027898326100433975
