0 0.42754613807245384 0.06540607563546187 0.03349282296650718 0.013019218846869188
0 0.27306903622693096 0.10012399256044638 0.034859876965140126 0.022938623682579044
0 0.6958304853041695 0.1940483570985741 0.02460697197539303 0.016119032858028518
0 0.859876965140123 0.23651580905145692 0.021872863978127138 0.016738995660260384
0 0.8947368421052632 0.25108493490390577 0.04237867395762133 0.038437693738375696
0 0.48120300751879697 0.2693738375697458 0.0355434039644566 0.026658400495970243
0 0.9688995215311005 0.2944823310601364 0.026657552973342446 0.018598884066955982
0 0.43779904306220097 0.3127712337259764 0.023923444976076555 0.017978921264724116
0 0.4094326725905673 0.34314941103533786 0.04237867395762133 0.034097954122752634
0 0.8181818181818182 0.3784872907625543 0.045112781954887216 0.027898326100433975
0 0.7552973342447027 0.3977061376317421 0.04237867395762133 0.02417854928704278
0 0.898838004101162 0.4339739615623063 0.05331510594668489 0.05083694978301302
0 0.9593301435406698 0.4587724736515809 0.036226930963773066 0.0347179169249845
0 0.09979494190020506 0.4857408555486671 0.039644565960355434 0.027898326100433975
0 0.6944634313055366 0.5058896466212027 0.21462747778537253 0.04091754494730316
0 0.22932330827067668 0.5142591444513329 0.05263157894736842 0.027898326100433975
0 0.5249487354750513 0.5282083075015499 0.03691045796308954 0.022318660880347178
0 0.296308954203691 0.5644761314321141 0.03212576896787423 0.02541847489150651
0 0.08475734791524266 0.5768753874767514 0.0355434039644566 0.029138251704897707
0 0.6473000683526999 0.5793552386856788 0.019138755980861243 0.015499070055796652
0 0.6941216678058784 0.5867947923124612 0.028024606971975393 0.02541847489150651
0 0.9446343130553657 0.6125232486050837 0.03144224196855776 0.04587724736515809
0 0.33356117566643884 0.6047737135771853 0.03144224196855776 0.029138251704897707
0 0.11619958988380041 0.6199628022318661 0.04921394395078606 0.0347179169249845
0 0.9849624060150376 0.7281463112213267 0.03007518796992481 0.23744575325480471
0 0.8581681476418318 0.6239925604463732 0.023923444976076555 0.015499070055796652
0 0.6524265208475735 0.694048357098574 0.08407382091592618 0.05889646621202728
0 0.14900888585099112 0.6794792312461252 0.0710868079289132 0.026038437693738377
0 0.44053315105946683 0.6769993800371977 0.012987012987012988 0.008679479231246125
0 0.19788106630211894 0.717296962182269 0.03759398496240601 0.03967761934283943
0 0.8609022556390977 0.7228766274023558 0.03759398496240601 0.02727836329820211
0 0.12987012987012986 0.7222566646001239 0.021872863978127138 0.018598884066955982
0 0.9231032125768968 0.7275263484190948 0.025290498974709502 0.016738995660260384
0 0.07518796992481203 0.7362058276503409 0.02734107997265892 0.01425914445133292
0 0.48359535201640463 0.7393056416615003 0.028024606971975393 0.015499070055796652
0 0.2781954887218045 0.7535647861128333 0.04784688995215311 0.035337879727216366
0 0.7922077922077922 0.7904525728456293 0.09432672590567327 0.05579665220086795
0 0.903280929596719 0.9587724736515809 0.010252904989747095 0.0030998140111593306
0 0.9982911825017088 0.9795412275263484 0.003417634996582365 0.011159330440173589
