0 0.23752563226247436 0.05393676379417235 0.01572112098427888 0.014879107253564786
0 0.3103212576896787 0.10384376937383757 0.02460697197539303 0.019218846869187848
0 0.487012987012987 0.13081215127092374 0.036226930963773066 0.026038437693738377
0 0.47163362952836635 0.25480471171729696 0.08475734791524266 0.04835709857408556
0 0.4043062200956938 0.25480471171729696 0.030758714969241284 0.02851828890266584
0 0.5249487354750513 0.27712337259764414 0.03007518796992481 0.030998140111593304
0 0.24094326725905674 0.282393056416615 0.0430622009569378 0.03905765654060756
0 0.7330827067669173 0.33384996900185987 0.041695146958304855 0.034097954122752634
0 0.18181818181818182 0.3428394296342219 0.021872863978127138 0.023558586484810913
0 0.8485987696514012 0.3549287042777433 0.08680792891319207 0.03037817730936144
0 0.9835953520164047 0.3775573465592065 0.025974025974025976 0.019838809671419714
0 0.569377990430622 0.38654680719156853 0.05878332194121668 0.03161810291382517
0 0.7235133287764867 0.3902665840049597 0.028024606971975393 0.02045877247365158
0 0.2115516062884484 0.39801611903285805 0.021189336978810664 0.02851828890266584
0 0.4935064935064935 0.4482331060136392 0.0355434039644566 0.0347179169249845
0 0.8400546821599453 0.46745195288282704 0.03691045796308954 0.030998140111593304
0 0.7857142857142857 0.49380037197768134 0.02939166097060834 0.029138251704897707
0 0.8933697881066303 0.5086794792312461 0.0355434039644566 0.035337879727216366
0 0.7047163362952836 0.5158090514569126 0.03144224196855776 0.04339739615623062
0 0.9706083390293917 0.5365778053316801 0.0355434039644566 0.04649721016738995
0 0.23171565276828435 0.5294482331060136 0.04647983595352016 0.029758214507129573
0 0.8075871496924129 0.5396776193428394 0.03349282296650718 0.03037817730936144
0 0.8701298701298701 0.5440173589584625 0.032809295967190705 0.026658400495970243
0 0.09330143540669857 0.5607563546187229 0.03349282296650718 0.029138251704897707
0 0.5297334244702666 0.5700557966522009 0.05194805194805195 0.048977061376317424
0 0.19343814080656185 0.5629262244265344 0.02323991797676008 0.019838809671419714
0 0.34894053315105944 0.592684438933664 0.03212576896787423 0.02727836329820211
0 0.31852358168147643 0.6193428394296342 0.015037593984962405 0.026038437693738377
0 0.7084757347915243 0.6305021698698078 0.04442925495557074 0.04339739615623062
0 0.5064935064935064 0.6773093614383137 0.04921394395078606 0.02417854928704278
0 0.424812030075188 0.7024178549287042 0.07313738892686261 0.04215747055176689
0 0.8629528366370471 0.7132672039677619 0.025290498974709502 0.026658400495970243
0 0.5102529049897471 0.7647241165530069 0.028024606971975393 0.01425914445133292
0 0.8082706766917294 0.8183508989460633 0.04579630895420369 0.032238065716057036
0 0.9791524265208476 0.8415995040297582 0.041695146958304855 0.035337879727216366
0 0.3253588516746411 0.5151890886546807 0.13260423786739575 0.07439553626782393
0 0.4278879015721121 0.46559206447613144 0.08065618591934381 0.03967761934283943
0 0.9282296650717703 0.689708617482951 0.03007518796992481 0.02541847489150651
0 0.9080656185919344 0.7002479851208927 0.034859876965140126 0.03781773093614383
