0 0.30211893369788106 0.10415375077495351 0.02734107997265892 0.01735895846249225
0 0.4965823650034176 0.11655300681959083 0.03896103896103896 0.022318660880347178
0 0.4241285030758715 0.15592064476131431 0.04032809295967191 0.03161810291382517
0 0.7365003417634997 0.19094854308741477 0.02939166097060834 0.016119032858028518
0 0.39200273410799724 0.25015499070055797 0.03349282296650718 0.03037817730936144
0 0.43472317156527684 0.2647241165530068 0.02460697197539303 0.022318660880347178
0 0.5140123034859877 0.273093614383137 0.03691045796308954 0.0328580285182889
0 0.46821599453178403 0.3106013639181649 0.0177717019822283 0.011159330440173589
0 0.9750512645249487 0.31587104773713576 0.022556390977443608 0.017978921264724116
0 0.9603554340396445 0.41041537507749537 0.07928913192071087 0.13639181649101054
0 0.5215311004784688 0.3766274023558587 0.050580997949419004 0.026658400495970243
0 0.7204374572795625 0.38654680719156853 0.03144224196855776 0.026658400495970243
0 0.3116883116883117 0.4380037197768134 0.05878332194121668 0.07625542467451953
0 0.8646616541353384 0.4528828270303782 0.05331510594668489 0.04277743335399876
0 0.48974709501025293 0.439863608183509 0.01572112098427888 0.01425914445133292
0 0.132946001367054 0.463112213267204 0.0936431989063568 0.038437693738375696
0 0.32159945317840055 0.5117792932424055 0.2727272727272727 0.12709237445753255
0 0.7983595352016405 0.47706137631742096 0.0355434039644566 0.035337879727216366
0 0.8868762816131237 0.5040297582145071 0.0430622009569378 0.030998140111593304
0 0.21599453178400546 0.5223186608803472 0.043745727956254275 0.035337879727216366
0 0.7040328092959672 0.5610663360198388 0.02734107997265892 0.10167389956602604
0 0.8636363636363636 0.5381277123372598 0.03212576896787423 0.026038437693738377
0 0.9815447710184553 0.56478611283323 0.03007518796992481 0.030998140111593304
0 0.09227614490772386 0.5681959082455053 0.028708133971291867 0.02417854928704278
0 0.5560492139439508 0.5917544947303162 0.063568010936432 0.048977061376317424
0 0.3380041011619959 0.5818350898946063 0.03759398496240601 0.027898326100433975
0 0.6667805878332194 0.5799752014879107 0.017088174982911826 0.015499070055796652
0 0.7030075187969925 0.6215127092374457 0.014354066985645933 0.01425914445133292
0 0.04647983595352016 0.6509609423434594 0.045112781954887216 0.04215747055176689
0 0.9036226930963773 0.6828890266584005 0.02734107997265892 0.029138251704897707
0 0.4924812030075188 0.6819590824550527 0.0430622009569378 0.022318660880347178
0 0.9254955570745045 0.6993180409175449 0.032809295967190705 0.024798512089274645
0 0.8629528366370471 0.7138871667699938 0.02939166097060834 0.026658400495970243
0 0.10902255639097744 0.7194668319900805 0.022556390977443608 0.010539367637941723
0 0.4559125085440875 0.7380657160570365 0.04237867395762133 0.019218846869187848
0 0.507177033492823 0.7597644141351519 0.02050580997949419 0.016738995660260384
0 0.9514695830485305 0.8530688158710478 0.09295967190704033 0.0731556106633602
0 0.9736842105263158 0.810601363918165 0.05126452494873548 0.03037817730936144
