0 0.30006835269993165 0.10322380657160571 0.03144224196855776 0.017978921264724116
0 0.5034176349965823 0.10818350898946064 0.034859876965140126 0.017978921264724116
0 0.42378673957621327 0.15592064476131431 0.02734107997265892 0.02045877247365158
0 0.7245386192754614 0.19559826410415376 0.025974025974025976 0.02045877247365158
0 0.38414217361585784 0.2458152510849349 0.02734107997265892 0.026658400495970243
0 0.893028024606972 0.2563546187228766 0.01161995898838004 0.01425914445133292
0 0.5034176349965823 0.2721636701797892 0.03759398496240601 0.032238065716057036
0 0.9767600820232399 0.30905145691258523 0.025974025974025976 0.016738995660260384
0 0.462406015037594 0.3115313081215127 0.025290498974709502 0.017978921264724116
0 0.2744360902255639 0.3490390576565406 0.022556390977443608 0.018598884066955982
0 0.35645933014354064 0.36298822070675757 0.03212576896787423 0.019218846869187848
0 0.48838004101161997 0.3707377557346559 0.0786056049213944 0.032238065716057036
0 0.7146274777853725 0.38313701177929327 0.034859876965140126 0.02727836329820211
0 0.3168147641831852 0.4473031618102914 0.06220095693779904 0.07749535027898326
0 0.6172248803827751 0.4547427154370738 0.18318523581681476 0.08493490390576565
0 0.8752563226247437 0.44327340359578427 0.059466848940533154 0.05827650340979541
0 0.9477101845522898 0.4916305021698698 0.04032809295967191 0.14755114693118412
0 0.15960355434039644 0.44606323620582766 0.11551606288448393 0.041537507749535026
0 0.8130553656869446 0.4649721016738996 0.03349282296650718 0.026038437693738377
0 0.880041011619959 0.5034097954122753 0.041695146958304855 0.032238065716057036
0 0.21086807928913193 0.5216986980781153 0.03896103896103896 0.0365778053316801
0 0.855434039644566 0.5378177309361438 0.03759398496240601 0.029138251704897707
0 0.7115516062884484 0.5840049597024178 0.04784688995215311 0.09547427154370738
0 0.20437457279562543 0.5703657780533168 0.08749145591250855 0.04587724736515809
0 0.6630211893369788 0.5812151270923744 0.05194805194805195 0.048977061376317424
0 0.09125085440874915 0.5706757594544327 0.02939166097060834 0.02541847489150651
0 0.33356117566643884 0.5790452572845629 0.039644565960355434 0.02851828890266584
0 0.577922077922078 0.6100433973961562 0.059466848940533154 0.04959702417854929
0 0.04647983595352016 0.6515809051456912 0.043745727956254275 0.038437693738375696
0 0.9196855775803144 0.6773093614383137 0.047163362952836636 0.029138251704897707
0 0.036226930963773066 0.7017978921264724 0.05194805194805195 0.022318660880347178
0 0.9227614490772386 0.7092374457532548 0.03691045796308954 0.037197768133911964
0 0.8646616541353384 0.7169869807811531 0.028708133971291867 0.027898326100433975
0 0.42652084757347913 0.7284562926224426 0.09706083390293917 0.037197768133911964
0 0.11414900888585099 0.7216367017978921 0.02734107997265892 0.018598884066955982
0 0.16541353383458646 0.7430254184748915 0.016404647983595352 0.006819590824550527
0 0.50580997949419 0.7566646001239926 0.021872863978127138 0.016738995660260384
0 0.9586466165413534 0.8075015499070056 0.08270676691729323 0.048977061376317424
0 0.9357484620642516 0.8729076255424675 0.12850307587149692 0.12151270923744575
