0 0.25803144224196856 0.1069435833849969 0.010252904989747095 0.0030998140111593306
0 0.3127136021872864 0.1323620582765034 0.10047846889952153 0.034097954122752634
0 0.4606971975393028 0.18412895226286422 0.03691045796308954 0.03967761934283943
0 0.6404647983595352 0.23744575325480471 0.025974025974025976 0.023558586484810913
0 0.24846206425153794 0.2920024798512089 0.021189336978810664 0.01735895846249225
0 0.5775803144224196 0.3013019218846869 0.03144224196855776 0.024798512089274645
0 0.8004101161995899 0.3388096714197148 0.04921394395078606 0.02541847489150651
0 0.9702665755297334 0.34872907625542465 0.02939166097060834 0.04401735895846249
0 0.8263841421736159 0.42343459392436456 0.045112781954887216 0.04091754494730316
0 0.6240601503759399 0.42157470551766896 0.03144224196855776 0.0347179169249845
0 0.6739576213260424 0.42436453812771235 0.050580997949419004 0.03905765654060756
0 0.9784688995215312 0.44203347799132053 0.01845522898154477 0.022318660880347178
0 0.3082706766917293 0.45536267823930565 0.03827751196172249 0.027898326100433975
0 0.6295283663704716 0.46187228766274024 0.056049213943950786 0.03347799132052077
0 0.9060150375939849 0.5030998140111593 0.026657552973342446 0.017978921264724116
0 0.7850307587149692 0.5114693118412895 0.03349282296650718 0.026038437693738377
0 0.16404647983595352 0.5353378797272164 0.056049213943950786 0.04525728456292622
0 0.29152426520847574 0.5223186608803472 0.023923444976076555 0.015499070055796652
0 0.08714969241285031 0.5548667079975201 0.03349282296650718 0.026038437693738377
0 0.8632946001367054 0.5610663360198388 0.02460697197539303 0.026038437693738377
0 0.854066985645933 0.6413515189088654 0.06220095693779904 0.05889646621202728
0 0.7071086807928914 0.6565406075635462 0.04442925495557074 0.06199628022318661
0 0.3865345181134655 0.6568505889646621 0.022556390977443608 0.022938623682579044
0 0.3089542036910458 0.6822690638561686 0.03691045796308954 0.027898326100433975
0 0.9278879015721121 0.6813391196528208 0.00888585099111415 0.007439553626782393
0 0.6500341763499659 0.7061376317420954 0.03144224196855776 0.030998140111593304
0 0.8790157211209843 0.717606943583385 0.021872863978127138 0.02169869807811531
0 0.5635680109364319 0.231556106633602 0.04579630895420369 0.040297582145071294
0 0.583732057416268 0.23589584624922505 0.03007518796992481 0.029138251704897707
0 0.969583048530417 0.7228766274023558 0.04442925495557074 0.03595784252944823
0 0.9706083390293917 0.680409175449473 0.05741626794258373 0.048977061376317424
