0 0.26008202323991797 0.1050836949783013 0.028024606971975393 0.017978921264724116
0 0.30861244019138756 0.12895226286422815 0.09227614490772386 0.029758214507129573
0 0.21599453178400546 0.12151270923744575 0.008202323991797676 0.011159330440173589
0 0.46172248803827753 0.18071915685058895 0.03759398496240601 0.03905765654060756
0 0.5611756664388243 0.23186608803471792 0.02460697197539303 0.02727836329820211
0 0.5840738209159262 0.23124612523248606 0.012987012987012988 0.012399256044637322
0 0.6390977443609023 0.23620582765034098 0.02460697197539303 0.023558586484810913
0 0.7590567327409433 0.26968381897086174 0.05126452494873548 0.02851828890266584
0 0.24606971975393027 0.2926224426534408 0.03007518796992481 0.024798512089274645
0 0.5710868079289132 0.3019218846869188 0.03212576896787423 0.026038437693738377
0 0.23752563226247436 0.3183508989460632 0.01845522898154477 0.01425914445133292
0 0.7959671907040328 0.34128952262864226 0.05536568694463431 0.02541847489150651
0 0.9719753930280246 0.3521388716676999 0.025974025974025976 0.044637321760694355
0 0.8222829801777171 0.41971481711097336 0.04647983595352016 0.04091754494730316
0 0.6650717703349283 0.4218846869187849 0.04784688995215311 0.0365778053316801
0 0.6223513328776487 0.4256044637321761 0.014354066985645933 0.01425914445133292
0 0.9781271360218728 0.4476131432114073 0.03007518796992481 0.030998140111593304
0 0.6230348598769652 0.4671419714817111 0.05673274094326726 0.034097954122752634
0 0.3062200956937799 0.4624922504649721 0.02323991797676008 0.01735895846249225
0 0.9111414900888585 0.5043397396156231 0.03827751196172249 0.02417854928704278
0 0.7881066302118934 0.5089894606323621 0.032809295967190705 0.026038437693738377
0 0.15755297334244703 0.5291382517048977 0.05809979494190021 0.04525728456292622
0 0.08680792891319207 0.5545567265964042 0.03417634996582365 0.026658400495970243
0 0.8646616541353384 0.5607563546187229 0.025974025974025976 0.02541847489150651
0 0.8403964456596036 0.6590204587724736 0.08407382091592618 0.08679479231246125
0 0.7077922077922078 0.6599504029758214 0.03896103896103896 0.05517668939863608
0 0.38619275461380725 0.6518908865468072 0.016404647983595352 0.017978921264724116
0 0.26555023923444976 0.6807191568505889 0.03349282296650718 0.04587724736515809
0 0.3103212576896787 0.6813391196528208 0.03691045796308954 0.029758214507129573
0 0.9258373205741627 0.6810291382517049 0.022556390977443608 0.02169869807811531
0 0.6469583048530417 0.7076875387476751 0.014354066985645933 0.015499070055796652
0 0.8793574846206426 0.7182269063856168 0.023923444976076555 0.022938623682579044
0 0.9572795625427204 0.717606943583385 0.06766917293233082 0.04401735895846249
0 0.9726589200273411 0.6813391196528208 0.05331510594668489 0.047117172969621826
