0 0.3007518796992481 0.10322380657160571 0.03007518796992481 0.017978921264724116
0 0.5017088174982912 0.10911345319280844 0.03691045796308954 0.019838809671419714
0 0.424812030075188 0.15499070055796652 0.03212576896787423 0.026038437693738377
0 0.7265892002734108 0.19435833849969003 0.02734107997265892 0.019218846869187848
0 0.38619275461380725 0.24612523248605084 0.03144224196855776 0.02851828890266584
0 0.5051264524948735 0.2721636701797892 0.039644565960355434 0.032238065716057036
0 0.9757347915242652 0.31029138251704896 0.025290498974709502 0.016738995660260384
0 0.46308954203691044 0.3115313081215127 0.026657552973342446 0.017978921264724116
0 0.2758031442241969 0.34872907625542465 0.01845522898154477 0.017978921264724116
0 0.3578263841421736 0.3632982021078735 0.030758714969241284 0.019838809671419714
0 0.49419002050580996 0.3729076255424674 0.07382091592617908 0.03037817730936144
0 0.715311004784689 0.3834469931804092 0.034859876965140126 0.027898326100433975
0 0.3157894736842105 0.44606323620582766 0.06288448393711552 0.07997520148791072
0 0.9456596035543404 0.4832610043397396 0.041695146958304855 0.14693118412895226
0 0.8738892686261107 0.444513329200248 0.05809979494190021 0.05579665220086795
0 0.6267942583732058 0.4528828270303782 0.1572112098427888 0.07005579665220087
0 0.15413533834586465 0.4510229386236826 0.12371838687628162 0.04773713577185369
0 0.8103212576896788 0.46652200867947924 0.03349282296650718 0.029138251704897707
0 0.8820915926179084 0.5030998140111593 0.041695146958304855 0.03161810291382517
0 0.21120984278879015 0.5226286422814631 0.04237867395762133 0.03595784252944823
0 0.8568010936431989 0.5375077495350279 0.036226930963773066 0.02727836329820211
0 0.7084757347915243 0.5778053316800992 0.0430622009569378 0.08927464352138871
0 0.21189336978810663 0.5681959082455053 0.09979494190020506 0.04773713577185369
0 0.6640464798359536 0.5812151270923744 0.047163362952836636 0.04525728456292622
0 0.09056732740943267 0.5716057036577805 0.02939166097060834 0.024798512089274645
0 0.33390293916609703 0.5793552386856788 0.03896103896103896 0.026658400495970243
0 0.5734791524265208 0.6066336019838809 0.06425153793574846 0.048977061376317424
0 0.0468215994531784 0.6522008679479231 0.0430622009569378 0.04091754494730316
0 0.0355434039644566 0.7008679479231246 0.043745727956254275 0.017978921264724116
0 0.8639781271360218 0.7148171109733416 0.03007518796992481 0.02851828890266584
0 0.42720437457279564 0.7284562926224426 0.09706083390293917 0.037197768133911964
0 0.11209842788790157 0.721946683199008 0.025974025974025976 0.017978921264724116
0 0.5051264524948735 0.7566646001239926 0.02050580997949419 0.017978921264724116
0 0.961038961038961 0.8096714197148172 0.07792207792207792 0.04587724736515809
0 0.9391660970608339 0.87042777433354 0.12166780587833219 0.1153130812151271
0 0.9846206425153794 0.8459392436453813 0.030758714969241284 0.02169869807811531
0 0.916267942583732 0.6782393056416615 0.04442925495557074 0.02851828890266584
0 0.9234449760765551 0.7067575945443273 0.03691045796308954 0.03967761934283943
