0 0.3024606971975393 0.10384376937383757 0.028024606971975393 0.017978921264724116
0 0.49419002050580996 0.11810291382517049 0.03827751196172249 0.022938623682579044
0 0.4224196855775803 0.15592064476131431 0.03827751196172249 0.03037817730936144
0 0.7382091592617909 0.1912585244885307 0.03144224196855776 0.01425914445133292
0 0.3923444976076555 0.2504649721016739 0.03417634996582365 0.029758214507129573
0 0.4343814080656186 0.2656540607563546 0.030758714969241284 0.029138251704897707
0 0.5150375939849624 0.2737135771853689 0.034859876965140126 0.0328580285182889
0 0.4719753930280246 0.3106013639181649 0.017088174982911826 0.011159330440173589
0 0.9733424470266575 0.3180409175449473 0.02323991797676008 0.01735895846249225
0 0.9600136705399863 0.4032858028518289 0.07997265892002735 0.1407315561066336
0 0.5263157894736842 0.37817730936143834 0.04921394395078606 0.024798512089274645
0 0.7207792207792207 0.38840669559826413 0.030758714969241284 0.026658400495970243
0 0.3089542036910458 0.4367637941723497 0.05468215994531784 0.0712957222566646
0 0.4894053315105947 0.4407935523868568 0.02323991797676008 0.021078735275883446
0 0.8602187286397812 0.45536267823930565 0.05126452494873548 0.040297582145071294
0 0.3274094326725906 0.5099194048357099 0.26657552973342447 0.13081215127092374
0 0.13260423786739575 0.4643521388716677 0.08749145591250855 0.0347179169249845
0 0.7952836637047164 0.4804711717296962 0.034859876965140126 0.03347799132052077
0 0.8868762816131237 0.5049597024178549 0.041695146958304855 0.03161810291382517
0 0.21667805878332194 0.522938623682579 0.045112781954887216 0.035337879727216366
0 0.7030075187969925 0.5402975821450713 0.028024606971975393 0.06633601983880967
0 0.8626110731373889 0.5396776193428394 0.032809295967190705 0.02417854928704278
0 0.9798359535201641 0.5616862988220707 0.034859876965140126 0.0347179169249845
0 0.09193438140806562 0.5678859268443893 0.02939166097060834 0.024798512089274645
0 0.5502392344497608 0.5889646621202728 0.06425153793574846 0.04835709857408556
0 0.3383458646616541 0.5827650340979541 0.03691045796308954 0.02727836329820211
0 0.7030075187969925 0.6221326720396776 0.023923444976076555 0.019218846869187848
0 0.04579630895420369 0.6509609423434594 0.043745727956254275 0.04091754494730316
0 0.4945317840054682 0.6810291382517049 0.04579630895420369 0.022938623682579044
0 0.861244019138756 0.7138871667699938 0.03007518796992481 0.026658400495970243
0 0.10902255639097744 0.7188468691878487 0.019822282980177717 0.006819590824550527
0 0.45522898154477104 0.7380657160570365 0.039644565960355434 0.017978921264724116
0 0.5075187969924813 0.7591444513329201 0.021189336978810664 0.016738995660260384
0 0.9798359535201641 0.810291382517049 0.04032809295967191 0.02851828890266584
0 0.9545454545454546 0.8505889646621203 0.09090909090909091 0.06075635461872288
0 0.9002050580997949 0.6856788592684439 0.028708133971291867 0.03347799132052077
0 0.9265208475734792 0.6959082455052696 0.03212576896787423 0.02541847489150651
