0 0.30485304169514693 0.10415375077495351 0.02460697197539303 0.018598884066955982
0 0.49384825700615176 0.12306261624302542 0.036226930963773066 0.022938623682579044
0 0.42276144907723856 0.15592064476131431 0.030758714969241284 0.02541847489150651
0 0.7423103212576897 0.19187848729076257 0.025974025974025976 0.011779293242405457
0 0.3967874231032126 0.25387476751394916 0.03349282296650718 0.03037817730936144
0 0.4419002050580998 0.2634841909485431 0.04442925495557074 0.038437693738375696
0 0.518796992481203 0.27464352138871667 0.03144224196855776 0.030998140111593304
0 0.9730006835269993 0.3199008059516429 0.021189336978810664 0.016119032858028518
0 0.7262474367737526 0.337879727216367 0.023923444976076555 0.019838809671419714
0 0.9634313055365687 0.38964662120272786 0.07313738892686261 0.12337259764414135
0 0.8147641831852358 0.35430874147551145 0.02460697197539303 0.015499070055796652
0 0.5399863294600137 0.38096714197148174 0.04647983595352016 0.02169869807811531
0 0.7218045112781954 0.39057656540607566 0.03007518796992481 0.024798512089274645
0 0.30656185919343815 0.4296342219466832 0.04442925495557074 0.05579665220086795
0 0.4904306220095694 0.44420334779913206 0.034859876965140126 0.03037817730936144
0 0.3383458646616541 0.5055796652200868 0.2556390977443609 0.13081215127092374
0 0.8547505126452495 0.46094234345939245 0.047163362952836636 0.0365778053316801
0 0.1076555023923445 0.4690018598884067 0.034859876965140126 0.019218846869187848
0 0.7922077922077922 0.48636081835089895 0.032809295967190705 0.034097954122752634
0 0.8892686261107313 0.5065096094234346 0.04101161995898838 0.03347799132052077
0 0.7033492822966507 0.5306881587104774 0.03144224196855776 0.059516429014259145
0 0.22077922077922077 0.5247985120892746 0.04647983595352016 0.03037817730936144
0 0.8663704716336296 0.5406075635461872 0.03349282296650718 0.024798512089274645
0 0.9771018455228981 0.5542467451952883 0.036226930963773066 0.03967761934283943
0 0.09295967190704033 0.5654060756354619 0.03144224196855776 0.024798512089274645
0 0.5451127819548872 0.5852448853068816 0.060833902939166094 0.05083694978301302
0 0.3438140806561859 0.5846249225046497 0.039644565960355434 0.029758214507129573
0 0.7057416267942583 0.6267823930564166 0.036226930963773066 0.0347179169249845
0 0.04613807245386193 0.6509609423434594 0.03759398496240601 0.03595784252944823
0 0.4989747095010253 0.680409175449473 0.04921394395078606 0.02541847489150651
0 0.42378673957621327 0.6983880967141971 0.03691045796308954 0.02417854928704278
0 0.8622693096377307 0.7138871667699938 0.026657552973342446 0.027898326100433975
0 0.5088858509911142 0.7631742095474272 0.026657552973342446 0.016119032858028518
0 0.8041695146958305 0.824240545567266 0.025290498974709502 0.017978921264724116
0 0.9702665755297334 0.8440793552386857 0.059466848940533154 0.04277743335399876
0 0.929254955570745 0.6946683199008059 0.028024606971975393 0.026658400495970243
0 0.9019138755980861 0.6909485430874147 0.028024606971975393 0.041537507749535026
