0 0.2611073137388927 0.10167389956602604 0.0355434039644566 0.02727836329820211
0 0.22624743677375256 0.12089274643521389 0.0355434039644566 0.02851828890266584
0 0.2928913192071087 0.12957222566646 0.03896103896103896 0.021078735275883446
0 0.4671907040328093 0.1707997520148791 0.03759398496240601 0.03781773093614383
0 0.6397812713602188 0.23341599504029759 0.021872863978127138 0.02045877247365158
0 0.36021872863978127 0.25294482331060136 0.039644565960355434 0.038437693738375696
0 0.7409432672590567 0.28363298202107873 0.10526315789473684 0.07253564786112833
0 0.24641148325358853 0.2929324240545567 0.03212576896787423 0.026658400495970243
0 0.5628844839371155 0.3003719776813391 0.03349282296650718 0.029138251704897707
0 0.23820915926179084 0.32052076875387475 0.034859876965140126 0.02851828890266584
0 0.784688995215311 0.33942963422194666 0.06698564593301436 0.027898326100433975
0 0.9726589200273411 0.3601983880967142 0.019138755980861243 0.03347799132052077
0 0.518796992481203 0.36763794172349656 0.015037593984962405 0.014879107253564786
0 0.8110047846889952 0.4088654680719157 0.04989747095010253 0.03781773093614383
0 0.6544771018455229 0.41599504029758216 0.04442925495557074 0.03595784252944823
0 0.9764183185235816 0.45908245505269685 0.034859876965140126 0.040297582145071294
0 0.6127819548872181 0.47024178549287043 0.05126452494873548 0.0328580285182889
0 0.9179767600820232 0.5003099814011159 0.045112781954887216 0.02851828890266584
0 0.7949419002050581 0.5030998140111593 0.03417634996582365 0.026658400495970243
0 0.13431305536568694 0.5120892746435214 0.03212576896787423 0.030998140111593304
0 0.08851674641148326 0.5561066336019839 0.034859876965140126 0.023558586484810913
0 0.8663704716336296 0.5567265964042157 0.023923444976076555 0.024798512089274645
0 0.8263841421736159 0.675759454432734 0.06425153793574846 0.08927464352138871
0 0.2703349282296651 0.6782393056416615 0.05126452494873548 0.069435833849969
0 0.7077922077922078 0.6667699938003719 0.025290498974709502 0.027898326100433975
0 0.9784688995215312 0.6782393056416615 0.0430622009569378 0.037197768133911964
0 0.3144224196855776 0.6782393056416615 0.03827751196172249 0.032238065716057036
0 0.8759398496240601 0.717606943583385 0.025290498974709502 0.02541847489150651
0 0.5269993164730007 0.7737135771853689 0.015037593984962405 0.007439553626782393
0 0.924812030075188 0.6819590824550527 0.0355434039644566 0.030998140111593304
0 0.9511278195488722 0.7123372597644141 0.06630211893369788 0.04339739615623062
