0 0.2597402597402597 0.10415375077495351 0.03007518796992481 0.024798512089274645
0 0.23205741626794257 0.12554246745195288 0.047163362952836636 0.03781773093614383
0 0.46958304853041694 0.16584004959702417 0.03691045796308954 0.034097954122752634
0 0.3557758031442242 0.2467451952882827 0.05126452494873548 0.052076875387476754
0 0.638755980861244 0.23403595784252945 0.014354066985645933 0.015499070055796652
0 0.5580997949419002 0.3013019218846869 0.036226930963773066 0.029758214507129573
0 0.778879015721121 0.33756974581525107 0.060833902939166094 0.0328580285182889
0 0.5140123034859877 0.36763794172349656 0.03007518796992481 0.018598884066955982
0 0.9716336295283664 0.36546807191568503 0.012987012987012988 0.01425914445133292
0 0.7983595352016405 0.40266584004959705 0.04784688995215311 0.029138251704897707
0 0.645933014354067 0.41041537507749537 0.04237867395762133 0.0347179169249845
0 0.9736842105263158 0.46962182269063857 0.02939166097060834 0.04401735895846249
0 0.6066302118933697 0.47148171109733417 0.04032809295967191 0.03161810291382517
0 0.922077922077922 0.4981401115933044 0.043745727956254275 0.03161810291382517
0 0.8010936431989063 0.49783013019218847 0.03144224196855776 0.024798512089274645
0 0.12508544087491455 0.5043397396156231 0.039644565960355434 0.035337879727216366
0 0.8677375256322625 0.5551766893986361 0.028024606971975393 0.02417854928704278
0 0.08920027341079972 0.5573465592064476 0.034859876965140126 0.023558586484810913
0 0.2744360902255639 0.6779293242405455 0.05809979494190021 0.0750154990700558
0 0.3181818181818182 0.6742095474271543 0.03759398496240601 0.034097954122752634
0 0.981203007518797 0.6763794172349659 0.03212576896787423 0.026038437693738377
0 0.9258373205741627 0.6794792312461252 0.03896103896103896 0.02851828890266584
0 0.8099794941900205 0.7011779293242405 0.03007518796992481 0.04339739615623062
0 0.9490772385509227 0.7104773713577185 0.05809979494190021 0.03967761934283943
0 0.8735475051264525 0.7157470551766894 0.025974025974025976 0.02541847489150651
0 0.5307587149692413 0.7768133911965283 0.034859876965140126 0.019838809671419714
0 0.8342447026657553 0.7839429634221947 0.030758714969241284 0.029138251704897707
0 0.23923444976076555 0.32145071295722255 0.04101161995898838 0.03161810291382517
0 0.24606971975393027 0.2947923124612523 0.02734107997265892 0.02169869807811531
0 0.7231715652768285 0.29603223806571605 0.0710868079289132 0.056416615003099815
0 0.7727272727272727 0.26038437693738375 0.048530416951469584 0.030998140111593304
