0 0.3014354066985646 0.054246745195288285 0.032809295967190705 0.02045877247365158
0 0.2583732057416268 0.08927464352138871 0.025974025974025976 0.021078735275883446
0 0.6828434723171565 0.19187848729076257 0.03007518796992481 0.016738995660260384
0 0.5314422419685577 0.25945443273403596 0.15516062884483936 0.07625542467451953
0 0.8438140806561859 0.24271543707377558 0.03896103896103896 0.022938623682579044
0 0.9897470950102529 0.27650340979541227 0.02050580997949419 0.032238065716057036
0 0.46958304853041694 0.27526348419094854 0.02734107997265892 0.024798512089274645
0 0.5078605604921395 0.2851828890266584 0.04101161995898838 0.0347179169249845
0 0.4224196855775803 0.31680099194048356 0.02734107997265892 0.018598884066955982
0 0.28400546821599454 0.3230006199628022 0.025290498974709502 0.018598884066955982
0 0.3803827751196172 0.3350898946063236 0.03212576896787423 0.02417854928704278
0 0.5645933014354066 0.3360198388096714 0.03007518796992481 0.01735895846249225
0 0.6425153793574846 0.34686918784872905 0.04237867395762133 0.034097954122752634
0 0.5840738209159262 0.3738375697458152 0.04579630895420369 0.030998140111593304
0 0.7959671907040328 0.3880967141971482 0.04579630895420369 0.024798512089274645
0 0.9179767600820232 0.42529448233106015 0.039644565960355434 0.03347799132052077
0 0.9613807245386192 0.4612523248605084 0.04032809295967191 0.037197768133911964
0 0.8212576896787424 0.4603223806571606 0.05809979494190021 0.03161810291382517
0 0.5543403964456596 0.5027898326100434 0.07928913192071087 0.0347179169249845
0 0.20198222829801776 0.5158090514569126 0.04442925495557074 0.02727836329820211
0 0.9169514695830485 0.5198388096714197 0.026657552973342446 0.026658400495970243
0 0.9572795625427204 0.5260384376937384 0.03759398496240601 0.02045877247365158
0 0.5574162679425837 0.5610663360198388 0.022556390977443608 0.016119032858028518
0 0.08851674641148326 0.5849349039057656 0.025290498974709502 0.026658400495970243
0 0.3315105946684894 0.5889646621202728 0.03144224196855776 0.03347799132052077
0 0.543403964456596 0.5920644761314321 0.06015037593984962 0.023558586484810913
0 0.4388243335611757 0.6289522628642281 0.043745727956254275 0.035337879727216366
0 0.8759398496240601 0.6336019838809671 0.034859876965140126 0.021078735275883446
0 0.9524948735475052 0.6562306261624302 0.03212576896787423 0.041537507749535026
0 0.41148325358851673 0.6649101053936763 0.043745727956254275 0.02541847489150651
0 0.9060150375939849 0.6788592684438933 0.03349282296650718 0.026038437693738377
0 0.07552973342447027 0.6816491010539367 0.03212576896787423 0.02417854928704278
0 0.23581681476418317 0.6946683199008059 0.03417634996582365 0.0328580285182889
0 0.8578263841421736 0.7225666460012399 0.032809295967190705 0.03037817730936144
0 0.7259056732740943 0.7464352138871667 0.10116199589883801 0.0657160570365778
0 0.46855775803144223 0.7343459392436453 0.030758714969241284 0.019218846869187848
0 0.08646616541353383 0.7414755114693118 0.034859876965140126 0.02727836329820211
0 0.2993848257006152 0.7681339119652821 0.05468215994531784 0.02851828890266584
0 0.35509227614490774 0.7833230006199629 0.04032809295967191 0.026658400495970243
0 0.6131237183868763 0.8146311221326721 0.03417634996582365 0.029758214507129573
0 0.9487354750512645 0.837879727216367 0.039644565960355434 0.05145691258524489
0 0.6288448393711552 0.8698078115313082 0.09295967190704033 0.08183508989460632
0 0.507177033492823 0.5412275263484191 0.028708133971291867 0.019838809671419714
0 0.504442925495557 0.5607563546187229 0.0355434039644566 0.02045877247365158
