0 0.22966507177033493 0.23527588344699318 0.06425153793574846 0.027898326100433975
0 0.4203691045796309 0.2448853068815871 0.01367053998632946 0.006199628022318661
0 0.3315105946684894 0.28115313081215126 0.03007518796992481 0.027898326100433975
0 0.2877648667122351 0.2926224426534408 0.039644565960355434 0.03595784252944823
0 0.5933014354066986 0.3059516429014259 0.03007518796992481 0.016738995660260384
0 0.40054682159945315 0.3313701177929324 0.02323991797676008 0.013019218846869188
0 0.6473000683526999 0.3465592064476131 0.021872863978127138 0.01735895846249225
0 0.2983595352016405 0.3558586484810911 0.07313738892686261 0.0347179169249845
0 0.23923444976076555 0.3583384996900186 0.0355434039644566 0.018598884066955982
0 0.8321941216678059 0.38778673279603226 0.026657552973342446 0.013019218846869188
0 0.22419685577580314 0.40917544947303164 0.050580997949419004 0.032238065716057036
0 0.80622009569378 0.4088654680719157 0.006151742993848257 0.005579665220086794
0 0.8171565276828435 0.4116553006819591 0.00888585099111415 0.006199628022318661
0 0.44224196855775805 0.41568505889646623 0.028708133971291867 0.013019218846869188
0 0.7747778537252221 0.4786112833230006 0.07313738892686261 0.047117172969621826
0 0.7433356117566644 0.5387476751394916 0.028024606971975393 0.024798512089274645
0 0.6637047163362952 0.5396776193428394 0.028708133971291867 0.02417854928704278
0 0.9788106630211894 0.5638561686298822 0.04237867395762133 0.06881587104773713
0 0.07689678742310321 0.555486670799752 0.023923444976076555 0.023558586484810913
0 0.8485987696514012 0.5796652200867948 0.026657552973342446 0.021078735275883446
0 0.9374572795625428 0.6137631742095474 0.0430622009569378 0.037197768133911964
0 0.9343814080656186 0.6630502169869807 0.008202323991797676 0.006819590824550527
0 0.9627477785372522 0.7231866088034717 0.03759398496240601 0.03037817730936144
0 0.9179767600820232 0.7331060136391816 0.02734107997265892 0.029138251704897707
