0 0.5133287764866712 0.09919404835709858 0.025974025974025976 0.012399256044637322
0 0.2922077922077922 0.1060136391816491 0.0430622009569378 0.022318660880347178
0 0.7098427887901572 0.1959082455052697 0.03212576896787423 0.01735895846249225
0 0.8950786056049214 0.24984500929944203 0.041695146958304855 0.03595784252944823
0 0.49384825700615176 0.2709237445753255 0.034859876965140126 0.02727836329820211
0 0.9774436090225563 0.2991320520768754 0.03144224196855776 0.017978921264724116
0 0.4514695830485304 0.3115313081215127 0.028024606971975393 0.019218846869187848
0 0.45010252904989745 0.36112833230006197 0.06630211893369788 0.04525728456292622
0 0.258714969241285 0.3567885926844389 0.02939166097060834 0.02541847489150651
0 0.3455228981544771 0.35616862988220704 0.014354066985645933 0.011779293242405457
0 0.833902939166097 0.3775573465592065 0.02323991797676008 0.018598884066955982
0 0.7170198222829802 0.41320520768753877 0.07518796992481203 0.04773713577185369
0 0.8872180451127819 0.43862368257904527 0.06015037593984962 0.05889646621202728
0 0.8263841421736159 0.4519528828270304 0.02734107997265892 0.023558586484810913
0 0.10321257689678742 0.4662120272783633 0.028708133971291867 0.02727836329820211
0 0.3250170881749829 0.47117172969621823 0.014354066985645933 0.013639181649101054
0 0.5509227614490773 0.4885306881587105 0.09159261790840738 0.04339739615623062
0 0.25598086124401914 0.5105393676379417 0.053998632946001365 0.029138251704897707
0 0.8263841421736159 0.5235585864848109 0.10663021189336978 0.05393676379417235
0 0.9501025290498974 0.5641661500309981 0.028708133971291867 0.0731556106633602
0 0.6527682843472317 0.5790452572845629 0.056049213943950786 0.05703657780533168
0 0.6907040328092959 0.5669559826410415 0.023923444976076555 0.0328580285182889
0 0.3202323991797676 0.5719156850588965 0.053998632946001365 0.03781773093614383
0 0.08714969241285031 0.5731556106633602 0.034859876965140126 0.027898326100433975
0 0.1582365003417635 0.592684438933664 0.063568010936432 0.04339739615623062
0 0.9897470950102529 0.6022938623682579 0.015037593984962405 0.02417854928704278
0 0.6079972658920028 0.6472411655300682 0.060833902939166094 0.06199628022318661
0 0.7235133287764867 0.6332920024798512 0.025290498974709502 0.026658400495970243
0 0.930622009569378 0.6754494730316181 0.04989747095010253 0.034097954122752634
0 0.08407382091592618 0.6915685058896466 0.08885850991114148 0.02417854928704278
0 0.9213943950786057 0.7166769993800371 0.043745727956254275 0.03967761934283943
0 0.8632946001367054 0.7169869807811531 0.03144224196855776 0.03037817730936144
0 0.11654135338345864 0.717606943583385 0.022556390977443608 0.017978921264724116
0 0.1695146958304853 0.7355858648481091 0.043745727956254275 0.03781773093614383
0 0.26999316473000684 0.7414755114693118 0.04237867395762133 0.03595784252944823
0 0.4979494190020506 0.749845009299442 0.026657552973342446 0.02045877247365158
0 0.9487354750512645 0.800991940483571 0.10252904989747096 0.04587724736515809
0 0.8725222146274778 0.8264104153750775 0.10321257689678742 0.069435833849969
0 0.981203007518797 0.9178549287042778 0.03759398496240601 0.08741475511469311
