0 0.9150390625 0.080078125 0.033203125 0.05078125
0 0.291015625 0.1328125 0.06640625 0.09895833333333333
0 0.3818359375 0.21744791666666666 0.044921875 0.06770833333333333
0 0.32080078125 0.30859375 0.1162109375 0.11458333333333333
0 0.73388671875 0.318359375 0.0654296875 0.09505208333333333
0 0.5869140625 0.3763020833333333 0.072265625 0.08333333333333333
0 0.25048828125 0.4837239583333333 0.1142578125 0.20442708333333334
0 0.09765625 0.4921875 0.091796875 0.203125
0 0.8115234375 0.4505208333333333 0.0546875 0.06510416666666667
0 0.39208984375 0.8131510416666666 0.0712890625 0.08984375
0 0.8046875 0.9654947916666666 0.1015625 0.06901041666666667
