0 0.22705078125 0.009765625 0.0400390625 0.01953125
0 0.64306640625 0.078125 0.0732421875 0.09114583333333333
0 0.9375 0.07096354166666667 0.060546875 0.07942708333333333
0 0.3408203125 0.09830729166666667 0.0625 0.09244791666666667
0 0.990234375 0.10481770833333333 0.01953125 0.07161458333333333
0 0.8515625 0.19596354166666666 0.107421875 0.12630208333333334
0 0.2294921875 0.2623697916666667 0.06640625 0.08723958333333333
0 0.79248046875 0.2591145833333333 0.0576171875 0.07291666666666667
0 0.41162109375 0.287109375 0.0517578125 0.053385416666666664
0 0.46240234375 0.3756510416666667 0.0869140625 0.06640625
0 0.87451171875 0.400390625 0.0322265625 0.061197916666666664
0 0.79052734375 0.451171875 0.0732421875 0.14453125
0 0.986328125 0.4811197916666667 0.02734375 0.08723958333333333
0 0.5263671875 0.5546875 0.146484375 0.125
0 0.685546875 0.5611979166666666 0.05078125 0.109375
0 0.94482421875 0.5696614583333334 0.0712890625 0.08203125
0 0.54931640625 0.6686197916666666 0.0791015625 0.12369791666666667
0 0.8525390625 0.7486979166666666 0.142578125 0.10677083333333333
0 0.25732421875 0.908203125 0.0537109375 0.06901041666666667
0 0.36572265625 0.9791666666666666 0.1689453125 0.041666666666666664
0 0.8955078125 0.90625 0.1484375 0.11458333333333333
0 0.90234375 0.96484375 0.107421875 0.06770833333333333
0 0.97802734375 0.98046875 0.0419921875 0.036458333333333336
