0 0.22509765625 0.027994791666666668 0.0419921875 0.055989583333333336
0 0.94287109375 0.07161458333333333 0.0810546875 0.109375
0 0.3291015625 0.08984375 0.060546875 0.08854166666666667
0 0.98681640625 0.12760416666666666 0.0263671875 0.078125
0 0.818359375 0.2109375 0.09765625 0.11197916666666667
0 0.205078125 0.2981770833333333 0.080078125 0.09375
0 0.41748046875 0.3619791666666667 0.0888671875 0.0703125
0 0.7998046875 0.4934895833333333 0.07421875 0.14583333333333334
0 0.97900390625 0.5013020833333334 0.0419921875 0.09635416666666667
0 0.46142578125 0.5319010416666666 0.1962890625 0.08984375
0 0.92822265625 0.5670572916666666 0.0732421875 0.08463541666666667
0 0.689453125 0.62109375 0.05078125 0.09635416666666667
0 0.515625 0.634765625 0.109375 0.10807291666666667
0 0.91552734375 0.7154947916666666 0.0283203125 0.045572916666666664
0 0.81982421875 0.7923177083333334 0.1357421875 0.11067708333333333
0 0.85107421875 0.9479166666666666 0.0947265625 0.10416666666666667
0 0.419921875 0.9680989583333334 0.06640625 0.06380208333333333
0 0.1083984375 0.9954427083333334 0.0390625 0.009114583333333334
0 0.60693359375 0.07942708333333333 0.0654296875 0.06770833333333333
0 0.6298828125 0.11979166666666667 0.05859375 0.08333333333333333
