0 0.91552734375 0.08528645833333333 0.0322265625 0.055989583333333336
0 0.29541015625 0.123046875 0.0673828125 0.09505208333333333
0 0.38232421875 0.21809895833333334 0.0400390625 0.055989583333333336
0 0.7294921875 0.3046875 0.060546875 0.08854166666666667
0 0.33447265625 0.3203125 0.1162109375 0.09895833333333333
0 0.5751953125 0.3658854166666667 0.076171875 0.08854166666666667
0 0.259765625 0.5 0.109375 0.22135416666666666
0 0.10302734375 0.5110677083333334 0.0869140625 0.19140625
0 0.802734375 0.44921875 0.052734375 0.0625
0 0.39111328125 0.806640625 0.0712890625 0.08723958333333333
0 0.814453125 0.9602864583333334 0.095703125 0.07942708333333333
