0 0.64990234375 0.057291666666666664 0.0400390625 0.057291666666666664
0 0.93115234375 0.06901041666666667 0.0498046875 0.0625
0 0.34765625 0.103515625 0.0625 0.08203125
0 0.994140625 0.08723958333333333 0.01171875 0.018229166666666668
0 0.8623046875 0.19401041666666666 0.099609375 0.1171875
0 0.78369140625 0.234375 0.0595703125 0.1015625
0 0.234375 0.24609375 0.041015625 0.0546875
0 0.423828125 0.2779947916666667 0.072265625 0.05859375
0 0.48046875 0.3880208333333333 0.076171875 0.06770833333333333
0 0.8720703125 0.4016927083333333 0.044921875 0.09505208333333333
0 0.78271484375 0.42578125 0.0771484375 0.13802083333333334
0 0.677734375 0.5201822916666666 0.05078125 0.11848958333333333
0 0.55029296875 0.5729166666666666 0.1298828125 0.13802083333333334
0 0.94677734375 0.5657552083333334 0.0556640625 0.06380208333333333
0 0.55224609375 0.6829427083333334 0.0732421875 0.11588541666666667
0 0.89306640625 0.7194010416666666 0.0869140625 0.09505208333333333
0 0.24755859375 0.8997395833333334 0.0810546875 0.08333333333333333
0 0.97998046875 0.9739583333333334 0.0400390625 0.044270833333333336
0 0.38037109375 0.9791666666666666 0.1396484375 0.041666666666666664
0 0.9140625 0.9700520833333334 0.068359375 0.057291666666666664
0 0.90673828125 0.9095052083333334 0.1083984375 0.11067708333333333
