0 0.92578125 0.07096354166666667 0.03515625 0.048177083333333336
0 0.35791015625 0.107421875 0.0576171875 0.06640625
0 0.76904296875 0.18229166666666666 0.0556640625 0.11979166666666667
0 0.3896484375 0.20963541666666666 0.05078125 0.06770833333333333
0 0.2470703125 0.2578125 0.052734375 0.07552083333333333
0 0.43310546875 0.2591145833333333 0.0576171875 0.057291666666666664
0 0.767578125 0.390625 0.0703125 0.1328125
0 0.984375 0.3619791666666667 0.03125 0.06770833333333333
0 0.85595703125 0.4153645833333333 0.0458984375 0.11979166666666667
0 0.486328125 0.38671875 0.029296875 0.033854166666666664
0 0.6484375 0.453125 0.05859375 0.1015625
0 0.57763671875 0.6022135416666666 0.0927734375 0.13411458333333334
0 0.5556640625 0.6907552083333334 0.03515625 0.05078125
0 0.90771484375 0.697265625 0.0478515625 0.061197916666666664
0 0.2333984375 0.884765625 0.08203125 0.08984375
0 0.63671875 0.9895833333333334 0.041015625 0.020833333333333332
