0 0.92333984375 0.07096354166666667 0.0341796875 0.045572916666666664
0 0.35986328125 0.10677083333333333 0.0458984375 0.044270833333333336
0 0.76123046875 0.16080729166666666 0.0498046875 0.10286458333333333
0 0.2900390625 0.15950520833333334 0.029296875 0.040364583333333336
0 0.38818359375 0.21223958333333334 0.0537109375 0.07552083333333333
0 0.2578125 0.265625 0.0625 0.09114583333333333
0 0.75830078125 0.3697916666666667 0.0693359375 0.125
0 0.9951171875 0.349609375 0.009765625 0.032552083333333336
0 0.62890625 0.4231770833333333 0.064453125 0.08333333333333333
0 0.845703125 0.4368489583333333 0.05078125 0.08723958333333333
0 0.0830078125 0.4440104166666667 0.0234375 0.046875
0 0.58642578125 0.6197916666666666 0.0712890625 0.11458333333333333
0 0.22900390625 0.8821614583333334 0.0595703125 0.06640625
0 0.7890625 0.9934895833333334 0.0546875 0.013020833333333334
0 0.6337890625 0.9947916666666666 0.0234375 0.010416666666666666
