0 0.93017578125 0.07096354166666667 0.0439453125 0.055989583333333336
0 0.3515625 0.10677083333333333 0.060546875 0.07552083333333333
0 0.86767578125 0.193359375 0.0888671875 0.10286458333333333
0 0.7802734375 0.21809895833333334 0.05859375 0.11328125
0 0.39599609375 0.21223958333333334 0.0380859375 0.046875
0 0.431640625 0.2727864583333333 0.072265625 0.061197916666666664
0 0.98876953125 0.3756510416666667 0.0224609375 0.07161458333333333
0 0.7783203125 0.419921875 0.076171875 0.14192708333333334
0 0.86962890625 0.4036458333333333 0.0498046875 0.1015625
0 0.48583984375 0.3899739583333333 0.0654296875 0.06380208333333333
0 0.67138671875 0.5013020833333334 0.0517578125 0.10416666666666667
0 0.5625 0.580078125 0.115234375 0.13671875
0 0.9501953125 0.5625 0.041015625 0.049479166666666664
0 0.55517578125 0.6868489583333334 0.0673828125 0.10286458333333333
0 0.90185546875 0.7122395833333334 0.0771484375 0.09114583333333333
0 0.24560546875 0.8958333333333334 0.0869140625 0.09114583333333333
0 0.91259765625 0.9016927083333334 0.0771484375 0.06901041666666667
0 0.912109375 0.97265625 0.03125 0.044270833333333336
0 0.97412109375 0.9674479166666666 0.0087890625 0.013020833333333334
0 0.41455078125 0.9850260416666666 0.0615234375 0.029947916666666668
