0 0.927734375 0.06966145833333333 0.03515625 0.045572916666666664
0 0.35546875 0.10677083333333333 0.0625 0.0703125
0 0.77392578125 0.19075520833333334 0.0576171875 0.12369791666666667
0 0.87158203125 0.19401041666666666 0.0634765625 0.06510416666666667
0 0.39208984375 0.20833333333333334 0.0498046875 0.0625
0 0.2490234375 0.2610677083333333 0.044921875 0.06640625
0 0.43310546875 0.263671875 0.0712890625 0.06380208333333333
0 0.771484375 0.3997395833333333 0.072265625 0.13802083333333334
0 0.98486328125 0.3658854166666667 0.0302734375 0.0703125
0 0.48779296875 0.3834635416666667 0.0478515625 0.05859375
0 0.86279296875 0.4114583333333333 0.0498046875 0.11458333333333333
0 0.658203125 0.4700520833333333 0.0546875 0.109375
0 0.57177734375 0.5963541666666666 0.1044921875 0.13541666666666666
0 0.55615234375 0.6868489583333334 0.0498046875 0.07421875
0 0.90478515625 0.7024739583333334 0.0634765625 0.07421875
0 0.23828125 0.8899739583333334 0.083984375 0.08984375
0 0.64013671875 0.9928385416666666 0.0283203125 0.014322916666666666
