0 0.916015625 0.0859375 0.033203125 0.059895833333333336
0 0.294921875 0.11783854166666667 0.064453125 0.09505208333333333
0 0.38134765625 0.21809895833333334 0.0361328125 0.05078125
0 0.8857421875 0.2506510416666667 0.029296875 0.032552083333333336
0 0.7275390625 0.2994791666666667 0.05859375 0.08333333333333333
0 0.34130859375 0.3216145833333333 0.1005859375 0.09375
0 0.57177734375 0.3626302083333333 0.0732421875 0.08984375
0 0.26416015625 0.5078125 0.1044921875 0.2265625
0 0.80126953125 0.44921875 0.0537109375 0.06770833333333333
0 0.10302734375 0.5162760416666666 0.0888671875 0.18359375
0 0.39013671875 0.8046875 0.0712890625 0.08854166666666667
0 0.81884765625 0.9576822916666666 0.0888671875 0.08463541666666667
