0 0.916015625 0.07486979166666667 0.033203125 0.048177083333333336
0 0.2880859375 0.13997395833333334 0.064453125 0.09765625
0 0.3837890625 0.216796875 0.044921875 0.06901041666666667
0 0.3046875 0.302734375 0.10546875 0.11588541666666667
0 0.73876953125 0.3274739583333333 0.0673828125 0.10026041666666667
0 0.59521484375 0.3860677083333333 0.0732421875 0.08203125
0 0.091796875 0.4765625 0.087890625 0.19010416666666666
0 0.2431640625 0.4733072916666667 0.09765625 0.18359375
0 0.81884765625 0.4498697916666667 0.0537109375 0.07161458333333333
0 0.39501953125 0.8170572916666666 0.0634765625 0.08203125
0 0.79931640625 0.9720052083333334 0.0947265625 0.055989583333333336
