0 0.92529296875 0.06966145833333333 0.0341796875 0.048177083333333336
0 0.35888671875 0.10677083333333333 0.0576171875 0.06510416666666667
0 0.7685546875 0.17513020833333334 0.0546875 0.11328125
0 0.390625 0.20833333333333334 0.05078125 0.0703125
0 0.24951171875 0.2565104166666667 0.0556640625 0.078125
0 0.43310546875 0.2565104166666667 0.0556640625 0.052083333333333336
0 0.76611328125 0.3860677083333333 0.0693359375 0.13411458333333334
0 0.990234375 0.3580729166666667 0.01953125 0.0625
0 0.85400390625 0.416015625 0.0478515625 0.11588541666666667
0 0.4873046875 0.384765625 0.013671875 0.016927083333333332
0 0.64453125 0.4440104166666667 0.0625 0.09375
0 0.580078125 0.60546875 0.087890625 0.13020833333333334
0 0.55859375 0.6875 0.0234375 0.0390625
0 0.90966796875 0.6920572916666666 0.0380859375 0.05078125
0 0.2314453125 0.880859375 0.078125 0.08984375
0 0.63671875 0.990234375 0.041015625 0.01953125
