0 0.2255859375 0.013020833333333334 0.041015625 0.026041666666666668
0 0.64404296875 0.07291666666666667 0.0693359375 0.08072916666666667
0 0.935546875 0.07291666666666667 0.056640625 0.07552083333333333
0 0.34326171875 0.10221354166666667 0.0615234375 0.08984375
0 0.9912109375 0.10026041666666667 0.017578125 0.06510416666666667
0 0.85595703125 0.19596354166666666 0.1064453125 0.12630208333333334
0 0.22998046875 0.2571614583333333 0.0634765625 0.08203125
0 0.7890625 0.2552083333333333 0.060546875 0.07552083333333333
0 0.41259765625 0.2864583333333333 0.0615234375 0.0546875
0 0.46826171875 0.3802083333333333 0.0849609375 0.06770833333333333
0 0.87548828125 0.400390625 0.0361328125 0.07161458333333333
0 0.78857421875 0.4446614583333333 0.0751953125 0.14453125
0 0.98681640625 0.4765625 0.0263671875 0.08072916666666667
0 0.53125 0.5598958333333334 0.146484375 0.12760416666666666
0 0.6845703125 0.5520833333333334 0.048828125 0.11458333333333333
0 0.94580078125 0.5696614583333334 0.0673828125 0.07942708333333333
0 0.55078125 0.6731770833333334 0.080078125 0.125
0 0.873046875 0.7337239583333334 0.111328125 0.09244791666666667
0 0.25341796875 0.9069010416666666 0.0634765625 0.07161458333333333
0 0.3671875 0.9778645833333334 0.16796875 0.044270833333333336
0 0.978515625 0.9765625 0.041015625 0.044270833333333336
0 0.89697265625 0.90625 0.1435546875 0.11458333333333333
0 0.90576171875 0.9674479166666666 0.1005859375 0.0625
