0 0.296875 0.10026041666666667 0.064453125 0.08854166666666667
0 0.9150390625 0.09375 0.037109375 0.06770833333333333
0 0.376953125 0.21158854166666666 0.025390625 0.029947916666666668
0 0.88134765625 0.2421875 0.0556640625 0.06770833333333333
0 0.71923828125 0.279296875 0.0576171875 0.07682291666666667
0 0.349609375 0.3255208333333333 0.07421875 0.07552083333333333
0 0.55810546875 0.34765625 0.0693359375 0.09375
0 0.7939453125 0.439453125 0.056640625 0.07161458333333333
0 0.27734375 0.5299479166666666 0.10546875 0.23697916666666666
0 0.63427734375 0.4303385416666667 0.0361328125 0.029947916666666668
0 0.103515625 0.5390625 0.07421875 0.140625
0 0.38525390625 0.794921875 0.0615234375 0.07421875
0 0.83056640625 0.9361979166666666 0.0712890625 0.08333333333333333
