0 0.9248046875 0.06901041666666667 0.033203125 0.046875
0 0.36083984375 0.10677083333333333 0.0517578125 0.057291666666666664
0 0.76318359375 0.16536458333333334 0.0517578125 0.109375
0 0.2880859375 0.15559895833333334 0.013671875 0.02734375
0 0.38916015625 0.20963541666666666 0.0537109375 0.07291666666666667
0 0.25439453125 0.2604166666666667 0.0615234375 0.08854166666666667
0 0.439453125 0.2526041666666667 0.015625 0.018229166666666668
0 0.76220703125 0.375 0.0693359375 0.12760416666666666
0 0.99169921875 0.349609375 0.0166015625 0.040364583333333336
0 0.634765625 0.4303385416666667 0.064453125 0.08723958333333333
0 0.84912109375 0.4322916666666667 0.0498046875 0.09375
0 0.58544921875 0.6165364583333334 0.0751953125 0.12109375
0 0.2294921875 0.8795572916666666 0.06640625 0.07942708333333333
0 0.63427734375 0.9915364583333334 0.0302734375 0.016927083333333332
