0 0.294921875 0.09309895833333333 0.060546875 0.08203125
0 0.91259765625 0.09895833333333333 0.0380859375 0.06770833333333333
0 0.87841796875 0.24153645833333334 0.0615234375 0.08203125
0 0.71533203125 0.2766927083333333 0.0595703125 0.07421875
0 0.35205078125 0.330078125 0.0595703125 0.06901041666666667
0 0.5517578125 0.3430989583333333 0.0703125 0.09505208333333333
0 0.7880859375 0.4407552083333333 0.060546875 0.06901041666666667
0 0.63623046875 0.4342447916666667 0.0419921875 0.040364583333333336
0 0.2783203125 0.5390625 0.103515625 0.24479166666666666
0 0.1015625 0.5481770833333334 0.0703125 0.13541666666666666
0 0.38427734375 0.7962239583333334 0.0478515625 0.06640625
0 0.833984375 0.9290364583333334 0.0625 0.07942708333333333
