0 0.91845703125 0.07421875 0.0341796875 0.046875
0 0.2880859375 0.14713541666666666 0.060546875 0.09114583333333333
0 0.75634765625 0.14908854166666666 0.0283203125 0.053385416666666664
0 0.384765625 0.21744791666666666 0.048828125 0.07291666666666667
0 0.29150390625 0.2975260416666667 0.0947265625 0.11588541666666667
0 0.74462890625 0.3444010416666667 0.0673828125 0.10546875
0 0.60400390625 0.3958333333333333 0.0712890625 0.07552083333333333
0 0.0849609375 0.4596354166666667 0.07421875 0.15885416666666666
0 0.23974609375 0.462890625 0.0810546875 0.15234375
0 0.828125 0.4479166666666667 0.056640625 0.078125
0 0.58984375 0.6263020833333334 0.041015625 0.0625
0 0.396484375 0.8235677083333334 0.048828125 0.05859375
0 0.79248046875 0.978515625 0.0927734375 0.04296875
