0 0.9169921875 0.07421875 0.033203125 0.046875
0 0.2890625 0.14713541666666666 0.0625 0.08854166666666667
0 0.75634765625 0.146484375 0.0224609375 0.03515625
0 0.384765625 0.21809895833333334 0.046875 0.07421875
0 0.29443359375 0.298828125 0.0986328125 0.11588541666666667
0 0.7431640625 0.3404947916666667 0.068359375 0.10807291666666667
0 0.6025390625 0.39453125 0.072265625 0.07552083333333333
0 0.08642578125 0.4609375 0.0751953125 0.1640625
0 0.24072265625 0.4641927083333333 0.0810546875 0.15755208333333334
0 0.82666015625 0.4466145833333333 0.0556640625 0.078125
0 0.591796875 0.6263020833333334 0.029296875 0.044270833333333336
0 0.396484375 0.822265625 0.052734375 0.06640625
0 0.794921875 0.9772135416666666 0.091796875 0.045572916666666664
