0 0.9296875 0.072265625 0.04296875 0.053385416666666664
0 0.35302734375 0.10611979166666667 0.0595703125 0.07421875
0 0.865234375 0.19205729166666666 0.08984375 0.10026041666666667
0 0.7783203125 0.21614583333333334 0.056640625 0.11458333333333333
0 0.39404296875 0.21158854166666666 0.0400390625 0.048177083333333336
0 0.431640625 0.2721354166666667 0.072265625 0.059895833333333336
0 0.98828125 0.373046875 0.0234375 0.07421875
0 0.77685546875 0.4147135416666667 0.0751953125 0.14453125
0 0.8681640625 0.4049479166666667 0.05078125 0.1015625
0 0.48583984375 0.3899739583333333 0.0634765625 0.06380208333333333
0 0.669921875 0.49609375 0.05078125 0.11458333333333333
0 0.5615234375 0.5865885416666666 0.115234375 0.14192708333333334
0 0.9501953125 0.564453125 0.037109375 0.04296875
0 0.55517578125 0.6848958333333334 0.0654296875 0.09895833333333333
0 0.90283203125 0.7096354166666666 0.0771484375 0.08854166666666667
0 0.244140625 0.8932291666666666 0.0859375 0.09114583333333333
0 0.91259765625 0.9016927083333334 0.0693359375 0.06640625
0 0.4169921875 0.9895833333333334 0.048828125 0.020833333333333332
