0 0.9169921875 0.07356770833333333 0.033203125 0.045572916666666664
0 0.2890625 0.14583333333333334 0.0625 0.09114583333333333
0 0.7529296875 0.14127604166666666 0.013671875 0.024739583333333332
0 0.38427734375 0.21809895833333334 0.0458984375 0.07421875
0 0.30029296875 0.3033854166666667 0.1044921875 0.1171875
0 0.74267578125 0.3385416666666667 0.0673828125 0.10677083333333333
0 0.60107421875 0.3919270833333333 0.0732421875 0.08072916666666667
0 0.08935546875 0.4674479166666667 0.0810546875 0.171875
0 0.2421875 0.4700520833333333 0.091796875 0.171875
0 0.82470703125 0.4479166666666667 0.0576171875 0.078125
0 0.591796875 0.626953125 0.021484375 0.03515625
0 0.39697265625 0.8196614583333334 0.0556640625 0.07421875
0 0.79541015625 0.9765625 0.0927734375 0.046875
