0 0.92578125 0.06966145833333333 0.03515625 0.048177083333333336
0 0.35888671875 0.10807291666666667 0.0576171875 0.06770833333333333
0 0.76953125 0.17838541666666666 0.0546875 0.11979166666666667
0 0.3896484375 0.20833333333333334 0.05078125 0.06770833333333333
0 0.2490234375 0.2578125 0.0546875 0.078125
0 0.43310546875 0.2571614583333333 0.0556640625 0.053385416666666664
0 0.76513671875 0.38671875 0.0712890625 0.13541666666666666
0 0.984375 0.3587239583333333 0.03125 0.06380208333333333
0 0.85546875 0.4147135416666667 0.046875 0.11588541666666667
0 0.4853515625 0.3854166666666667 0.017578125 0.020833333333333332
0 0.6474609375 0.4466145833333333 0.060546875 0.09895833333333333
0 0.57958984375 0.6041666666666666 0.0927734375 0.1328125
0 0.90771484375 0.6946614583333334 0.0419921875 0.05859375
0 0.5576171875 0.6881510416666666 0.0234375 0.04296875
0 0.23291015625 0.8828125 0.0791015625 0.08854166666666667
0 0.638671875 0.990234375 0.044921875 0.01953125
