0 0.92041015625 0.07161458333333333 0.0361328125 0.041666666666666664
0 0.35693359375 0.10677083333333333 0.0166015625 0.0234375
0 0.7578125 0.15625 0.044921875 0.09114583333333333
0 0.2900390625 0.15625 0.046875 0.059895833333333336
0 0.38720703125 0.21354166666666666 0.0498046875 0.07291666666666667
0 0.26904296875 0.275390625 0.0712890625 0.09765625
0 0.75390625 0.3606770833333333 0.068359375 0.11979166666666667
0 0.61962890625 0.4114583333333333 0.0634765625 0.08072916666666667
0 0.0830078125 0.443359375 0.052734375 0.09765625
0 0.83984375 0.4420572916666667 0.0546875 0.08463541666666667
0 0.23681640625 0.435546875 0.0185546875 0.037760416666666664
0 0.58837890625 0.623046875 0.0615234375 0.09765625
0 0.2353515625 0.8717447916666666 0.025390625 0.032552083333333336
0 0.7900390625 0.986328125 0.076171875 0.02734375
