0 0.91552734375 0.07552083333333333 0.0341796875 0.046875
0 0.2880859375 0.14127604166666666 0.064453125 0.09505208333333333
0 0.38427734375 0.21809895833333334 0.0439453125 0.06901041666666667
0 0.306640625 0.3033854166666667 0.109375 0.1171875
0 0.7392578125 0.3313802083333333 0.06640625 0.10286458333333333
0 0.595703125 0.3873697916666667 0.07421875 0.07942708333333333
0 0.09130859375 0.474609375 0.0869140625 0.18619791666666666
0 0.24365234375 0.470703125 0.0966796875 0.18098958333333334
0 0.81982421875 0.44921875 0.0537109375 0.07552083333333333
0 0.39453125 0.8177083333333334 0.0625 0.078125
0 0.7978515625 0.97265625 0.09375 0.0546875
