0 0.92431640625 0.07161458333333333 0.0341796875 0.046875
0 0.36083984375 0.10807291666666667 0.0517578125 0.059895833333333336
0 0.763671875 0.16796875 0.052734375 0.109375
0 0.38916015625 0.21028645833333334 0.0537109375 0.07161458333333333
0 0.2529296875 0.2604166666666667 0.060546875 0.08333333333333333
0 0.439453125 0.25390625 0.0234375 0.026041666666666668
0 0.7626953125 0.3776041666666667 0.068359375 0.12760416666666666
0 0.9912109375 0.3522135416666667 0.017578125 0.04296875
0 0.85009765625 0.4290364583333333 0.0498046875 0.10026041666666667
0 0.63720703125 0.4342447916666667 0.0634765625 0.08984375
0 0.58544921875 0.6145833333333334 0.0791015625 0.125
0 0.91162109375 0.6927083333333334 0.0302734375 0.041666666666666664
0 0.22998046875 0.880859375 0.0712890625 0.08463541666666667
0 0.63671875 0.9915364583333334 0.0390625 0.016927083333333332
