0 0.916015625 0.08268229166666667 0.03515625 0.053385416666666664
0 0.29248046875 0.13151041666666666 0.0673828125 0.09895833333333333
0 0.3818359375 0.220703125 0.04296875 0.06380208333333333
0 0.330078125 0.3157552083333333 0.1171875 0.11588541666666667
0 0.73291015625 0.3170572916666667 0.0634765625 0.09505208333333333
0 0.58251953125 0.3756510416666667 0.0693359375 0.08463541666666667
0 0.255859375 0.48828125 0.107421875 0.20833333333333334
0 0.10009765625 0.4973958333333333 0.0888671875 0.203125
0 0.8076171875 0.4524739583333333 0.052734375 0.06901041666666667
0 0.3916015625 0.8118489583333334 0.07421875 0.08984375
0 0.80712890625 0.96484375 0.0986328125 0.0703125
