0 0.2255859375 0.015625 0.04296875 0.03125
0 0.939453125 0.07096354166666667 0.06640625 0.08984375
0 0.638671875 0.08984375 0.068359375 0.09114583333333333
0 0.33642578125 0.09765625 0.0595703125 0.09375
0 0.60107421875 0.06770833333333333 0.0302734375 0.028645833333333332
0 0.98876953125 0.107421875 0.0224609375 0.06640625
0 0.841796875 0.20247395833333334 0.107421875 0.12369791666666667
0 0.2265625 0.2708333333333333 0.0703125 0.09635416666666667
0 0.79638671875 0.26953125 0.0498046875 0.0625
0 0.40576171875 0.2890625 0.0224609375 0.03125
0 0.4453125 0.3736979166666667 0.083984375 0.059895833333333336
0 0.79248046875 0.4622395833333333 0.0751953125 0.14583333333333334
0 0.98388671875 0.48828125 0.0322265625 0.09375
0 0.50634765625 0.5514322916666666 0.1728515625 0.12369791666666667
0 0.6875 0.5807291666666666 0.046875 0.11197916666666667
0 0.9404296875 0.5716145833333334 0.072265625 0.08333333333333333
0 0.54443359375 0.6653645833333334 0.0849609375 0.125
0 0.84326171875 0.7643229166666666 0.1494140625 0.11458333333333333
0 0.2587890625 0.9108072916666666 0.025390625 0.040364583333333336
0 0.43310546875 0.947265625 0.0380859375 0.03515625
0 0.35693359375 0.98046875 0.1552734375 0.0390625
0 0.982421875 0.9856770833333334 0.03515625 0.028645833333333332
0 0.8935546875 0.91015625 0.15625 0.109375
0 0.900390625 0.9635416666666666 0.12109375 0.0703125
