0 0.92529296875 0.07161458333333333 0.0361328125 0.046875
0 0.3583984375 0.10872395833333333 0.05859375 0.06380208333333333
0 0.76611328125 0.171875 0.0537109375 0.11458333333333333
0 0.390625 0.20963541666666666 0.052734375 0.0703125
0 0.24951171875 0.259765625 0.0576171875 0.07942708333333333
0 0.4345703125 0.2578125 0.046875 0.046875
0 0.76318359375 0.3834635416666667 0.0712890625 0.13411458333333334
0 0.9892578125 0.3548177083333333 0.021484375 0.055989583333333336
0 0.85205078125 0.4192708333333333 0.0478515625 0.1171875
0 0.642578125 0.4420572916666667 0.060546875 0.09505208333333333
0 0.58154296875 0.6087239583333334 0.0849609375 0.12369791666666667
0 0.91015625 0.693359375 0.03515625 0.05078125
0 0.2314453125 0.884765625 0.076171875 0.08463541666666667
0 0.6357421875 0.9908854166666666 0.041015625 0.018229166666666668
