0 0.9150390625 0.08138020833333333 0.033203125 0.053385416666666664
0 0.2919921875 0.1328125 0.06640625 0.09895833333333333
0 0.3818359375 0.21940104166666666 0.04296875 0.06380208333333333
0 0.32666015625 0.3151041666666667 0.1162109375 0.11458333333333333
0 0.7333984375 0.3170572916666667 0.064453125 0.09505208333333333
0 0.5830078125 0.376953125 0.0703125 0.08463541666666667
0 0.25244140625 0.4889322916666667 0.1103515625 0.20963541666666666
0 0.0986328125 0.498046875 0.08984375 0.20442708333333334
0 0.81005859375 0.4524739583333333 0.0537109375 0.06901041666666667
0 0.39208984375 0.8138020833333334 0.0712890625 0.09114583333333333
0 0.806640625 0.9654947916666666 0.09765625 0.06901041666666667
