0 0.92919921875 0.07161458333333333 0.0419921875 0.0546875
0 0.35302734375 0.10677083333333333 0.0615234375 0.07552083333333333
0 0.8642578125 0.193359375 0.087890625 0.10286458333333333
0 0.77783203125 0.21223958333333334 0.0576171875 0.11979166666666667
0 0.39453125 0.21158854166666666 0.044921875 0.053385416666666664
0 0.4306640625 0.2701822916666667 0.07421875 0.06380208333333333
0 0.98779296875 0.3723958333333333 0.0244140625 0.07291666666666667
0 0.77587890625 0.4134114583333333 0.0751953125 0.14192708333333334
0 0.8671875 0.4049479166666667 0.05078125 0.10416666666666667
0 0.48486328125 0.3893229166666667 0.0634765625 0.0625
0 0.6689453125 0.4921875 0.05078125 0.11458333333333333
0 0.5634765625 0.5846354166666666 0.1171875 0.13802083333333334
0 0.94970703125 0.5651041666666666 0.0361328125 0.041666666666666664
0 0.5546875 0.685546875 0.064453125 0.09765625
0 0.9033203125 0.7083333333333334 0.07421875 0.0859375
0 0.2431640625 0.8919270833333334 0.087890625 0.09114583333333333
0 0.91162109375 0.9055989583333334 0.0595703125 0.06901041666666667
0 0.4208984375 0.9889322916666666 0.041015625 0.022135416666666668
