0 0.91552734375 0.07747395833333333 0.0322265625 0.048177083333333336
0 0.28955078125 0.13802083333333334 0.0673828125 0.09635416666666667
0 0.384765625 0.216796875 0.041015625 0.06901041666666667
0 0.31396484375 0.3079427083333333 0.1201171875 0.11588541666666667
0 0.7373046875 0.32421875 0.06640625 0.09895833333333333
0 0.591796875 0.3828125 0.07421875 0.08333333333333333
0 0.24853515625 0.4759114583333333 0.1064453125 0.19401041666666666
0 0.09375 0.4837239583333333 0.091796875 0.20182291666666666
0 0.8154296875 0.4505208333333333 0.052734375 0.0703125
0 0.39306640625 0.8138020833333334 0.0673828125 0.0859375
0 0.80126953125 0.96875 0.0966796875 0.0625
