0 0.92138671875 0.07096354166666667 0.0341796875 0.045572916666666664
0 0.3564453125 0.10416666666666667 0.0234375 0.026041666666666668
0 0.759765625 0.15690104166666666 0.046875 0.09505208333333333
0 0.29248046875 0.15559895833333334 0.0439453125 0.053385416666666664
0 0.388671875 0.21419270833333334 0.05078125 0.07421875
0 0.26416015625 0.2721354166666667 0.0732421875 0.09635416666666667
0 0.755859375 0.3645833333333333 0.0703125 0.125
0 0.998046875 0.3489583333333333 0.00390625 0.0234375
0 0.6240234375 0.4153645833333333 0.064453125 0.08072916666666667
0 0.84228515625 0.4401041666666667 0.0537109375 0.0859375
0 0.08447265625 0.4427083333333333 0.0458984375 0.078125
0 0.5869140625 0.6223958333333334 0.068359375 0.10677083333333333
0 0.232421875 0.876953125 0.041015625 0.053385416666666664
0 0.7880859375 0.98828125 0.0703125 0.0234375
