0 0.2255859375 0.012369791666666666 0.037109375 0.024739583333333332
0 0.64599609375 0.07096354166666667 0.0673828125 0.07682291666666667
0 0.93408203125 0.07291666666666667 0.0556640625 0.0703125
0 0.3447265625 0.10221354166666667 0.0625 0.08984375
0 0.9912109375 0.1015625 0.017578125 0.059895833333333336
0 0.8564453125 0.1953125 0.107421875 0.125
0 0.78759765625 0.25 0.0595703125 0.08333333333333333
0 0.23095703125 0.255859375 0.0595703125 0.07942708333333333
0 0.4140625 0.2864583333333333 0.064453125 0.052083333333333336
0 0.4716796875 0.3828125 0.087890625 0.06510416666666667
0 0.8740234375 0.3997395833333333 0.037109375 0.07552083333333333
0 0.787109375 0.4401041666666667 0.07421875 0.140625
0 0.98828125 0.474609375 0.0234375 0.07682291666666667
0 0.6826171875 0.544921875 0.048828125 0.11067708333333333
0 0.53515625 0.5625 0.140625 0.12760416666666666
0 0.94677734375 0.5690104166666666 0.0654296875 0.078125
0 0.55078125 0.67578125 0.080078125 0.125
0 0.87890625 0.7317708333333334 0.1015625 0.09375
0 0.25146484375 0.9049479166666666 0.0693359375 0.07552083333333333
0 0.36669921875 0.9772135416666666 0.1650390625 0.045572916666666664
0 0.9775390625 0.9759114583333334 0.04296875 0.045572916666666664
0 0.900390625 0.90625 0.138671875 0.11458333333333333
0 0.908203125 0.9680989583333334 0.091796875 0.061197916666666664
