0 0.91455078125 0.080078125 0.0341796875 0.05078125
0 0.28955078125 0.1328125 0.0654296875 0.09895833333333333
0 0.3828125 0.21875 0.044921875 0.06510416666666667
0 0.3203125 0.3118489583333333 0.1171875 0.11328125
0 0.73388671875 0.3196614583333333 0.0673828125 0.09505208333333333
0 0.58740234375 0.37890625 0.0712890625 0.08333333333333333
0 0.24951171875 0.48046875 0.1142578125 0.203125
0 0.09814453125 0.4915364583333333 0.0927734375 0.20182291666666666
0 0.81201171875 0.4505208333333333 0.0537109375 0.0703125
0 0.3916015625 0.8138020833333334 0.0703125 0.08854166666666667
0 0.8037109375 0.9661458333333334 0.099609375 0.06770833333333333
