0 0.650390625 0.055989583333333336 0.037109375 0.0546875
0 0.9306640625 0.07161458333333333 0.048828125 0.06510416666666667
0 0.34912109375 0.10416666666666667 0.0634765625 0.08333333333333333
0 0.99365234375 0.08658854166666667 0.0068359375 0.016927083333333332
0 0.86328125 0.19140625 0.09765625 0.11458333333333333
0 0.78271484375 0.22981770833333334 0.0595703125 0.10286458333333333
0 0.234375 0.24674479166666666 0.037109375 0.05078125
0 0.4248046875 0.275390625 0.07421875 0.061197916666666664
0 0.4814453125 0.3880208333333333 0.07421875 0.06770833333333333
0 0.7822265625 0.4270833333333333 0.078125 0.14322916666666666
0 0.87109375 0.4016927083333333 0.046875 0.09244791666666667
0 0.6767578125 0.5188802083333334 0.052734375 0.11848958333333333
0 0.552734375 0.57421875 0.126953125 0.13802083333333334
0 0.947265625 0.5631510416666666 0.0546875 0.06380208333333333
0 0.55224609375 0.68359375 0.0732421875 0.11197916666666667
0 0.89404296875 0.7194010416666666 0.0869140625 0.09244791666666667
0 0.2470703125 0.8984375 0.08203125 0.0859375
0 0.90478515625 0.9029947916666666 0.1064453125 0.09765625
0 0.91357421875 0.9720052083333334 0.0654296875 0.055989583333333336
0 0.98095703125 0.9694010416666666 0.0380859375 0.037760416666666664
0 0.380859375 0.9798177083333334 0.138671875 0.040364583333333336
