0 0.91552734375 0.08463541666666667 0.0322265625 0.0546875
0 0.29443359375 0.12434895833333333 0.0693359375 0.09505208333333333
0 0.3828125 0.21940104166666666 0.041015625 0.05859375
0 0.73095703125 0.3092447916666667 0.0615234375 0.08984375
0 0.33447265625 0.3190104166666667 0.1162109375 0.1015625
0 0.576171875 0.3684895833333333 0.076171875 0.08854166666666667
0 0.25927734375 0.4986979166666667 0.1064453125 0.22135416666666666
0 0.10205078125 0.505859375 0.0888671875 0.20182291666666666
0 0.8046875 0.4505208333333333 0.05078125 0.06770833333333333
0 0.39111328125 0.806640625 0.0712890625 0.08984375
0 0.810546875 0.9609375 0.099609375 0.078125
