0 0.29638671875 0.08919270833333333 0.0615234375 0.08203125
0 0.9130859375 0.09895833333333333 0.0390625 0.06770833333333333
0 0.87841796875 0.24088541666666666 0.0654296875 0.08333333333333333
0 0.712890625 0.2747395833333333 0.0546875 0.07552083333333333
0 0.54931640625 0.341796875 0.0693359375 0.09505208333333333
0 0.35546875 0.3235677083333333 0.048828125 0.053385416666666664
0 0.78662109375 0.435546875 0.0556640625 0.06380208333333333
0 0.634765625 0.435546875 0.046875 0.040364583333333336
0 0.28076171875 0.5436197916666666 0.1025390625 0.24088541666666666
0 0.1025390625 0.5514322916666666 0.06640625 0.14192708333333334
0 0.3828125 0.796875 0.044921875 0.0625
0 0.8359375 0.9231770833333334 0.060546875 0.07291666666666667
