0 0.9189453125 0.07356770833333333 0.03515625 0.04296875
0 0.755859375 0.15169270833333334 0.037109375 0.07682291666666667
0 0.28955078125 0.15299479166666666 0.0556640625 0.07421875
0 0.3857421875 0.21744791666666666 0.048828125 0.07291666666666667
0 0.27685546875 0.28515625 0.0849609375 0.109375
0 0.74853515625 0.3528645833333333 0.0693359375 0.11197916666666667
0 0.61181640625 0.404296875 0.0654296875 0.07682291666666667
0 0.08203125 0.4466145833333333 0.06640625 0.12760416666666666
0 0.23583984375 0.44921875 0.0556640625 0.09635416666666667
0 0.83349609375 0.4453125 0.0556640625 0.08072916666666667
0 0.587890625 0.6243489583333334 0.052734375 0.08463541666666667
0 0.3974609375 0.8294270833333334 0.029296875 0.044270833333333336
0 0.79248046875 0.9837239583333334 0.0830078125 0.032552083333333336
