0 0.9296875 0.0703125 0.0390625 0.049479166666666664
0 0.35546875 0.10677083333333333 0.060546875 0.07291666666666667
0 0.77685546875 0.205078125 0.0576171875 0.12369791666666667
0 0.86865234375 0.19270833333333334 0.0771484375 0.08854166666666667
0 0.3935546875 0.21028645833333334 0.046875 0.053385416666666664
0 0.248046875 0.26171875 0.025390625 0.052083333333333336
0 0.43310546875 0.267578125 0.0732421875 0.06380208333333333
0 0.98681640625 0.37109375 0.0263671875 0.07552083333333333
0 0.7744140625 0.4075520833333333 0.072265625 0.140625
0 0.86572265625 0.40625 0.0498046875 0.109375
0 0.4853515625 0.3893229166666667 0.05859375 0.057291666666666664
0 0.666015625 0.4856770833333333 0.05078125 0.109375
0 0.5615234375 0.5911458333333334 0.119140625 0.140625
0 0.9462890625 0.5592447916666666 0.017578125 0.022135416666666668
0 0.55615234375 0.6848958333333334 0.0595703125 0.09114583333333333
0 0.90478515625 0.7063802083333334 0.0693359375 0.08723958333333333
0 0.24169921875 0.8919270833333334 0.0888671875 0.08854166666666667
0 0.91748046875 0.9049479166666666 0.0380859375 0.03125
0 0.42626953125 0.9967447916666666 0.0224609375 0.006510416666666667
