0 0.92578125 0.0703125 0.03515625 0.046875
0 0.3564453125 0.109375 0.056640625 0.06770833333333333
0 0.77099609375 0.18489583333333334 0.0556640625 0.11979166666666667
0 0.390625 0.20963541666666666 0.05078125 0.06770833333333333
0 0.87744140625 0.19661458333333334 0.0400390625 0.044270833333333336
0 0.248046875 0.2578125 0.048828125 0.07291666666666667
0 0.43212890625 0.2591145833333333 0.0673828125 0.057291666666666664
0 0.7685546875 0.392578125 0.0703125 0.13671875
0 0.984375 0.3645833333333333 0.03125 0.0703125
0 0.8583984375 0.4127604166666667 0.046875 0.11979166666666667
0 0.48828125 0.3873697916666667 0.033203125 0.037760416666666664
0 0.6513671875 0.4576822916666667 0.05859375 0.10286458333333333
0 0.5771484375 0.6002604166666666 0.095703125 0.13541666666666666
0 0.55859375 0.6875 0.037109375 0.057291666666666664
0 0.908203125 0.701171875 0.05078125 0.06901041666666667
0 0.234375 0.8860677083333334 0.083984375 0.08984375
0 0.63818359375 0.990234375 0.0361328125 0.01953125
