0 0.92138671875 0.0703125 0.0361328125 0.044270833333333336
0 0.35693359375 0.10611979166666667 0.0166015625 0.024739583333333332
0 0.75830078125 0.15559895833333334 0.0458984375 0.09244791666666667
0 0.29150390625 0.154296875 0.0458984375 0.05859375
0 0.38671875 0.21419270833333334 0.05078125 0.07682291666666667
0 0.26708984375 0.2734375 0.0732421875 0.09895833333333333
0 0.75439453125 0.3619791666666667 0.0693359375 0.12239583333333333
0 0.62158203125 0.4134114583333333 0.0634765625 0.07942708333333333
0 0.083984375 0.4446614583333333 0.05078125 0.09244791666666667
0 0.84033203125 0.4427083333333333 0.0556640625 0.08333333333333333
0 0.58740234375 0.6223958333333334 0.0634765625 0.09895833333333333
0 0.23095703125 0.8763020833333334 0.0361328125 0.041666666666666664
0 0.78759765625 0.9869791666666666 0.0732421875 0.026041666666666668
