0 0.92578125 0.07161458333333333 0.03515625 0.046875
0 0.3603515625 0.10611979166666667 0.0546875 0.061197916666666664
0 0.76513671875 0.16861979166666666 0.0537109375 0.10807291666666667
0 0.3896484375 0.20833333333333334 0.0546875 0.07291666666666667
0 0.251953125 0.2610677083333333 0.052734375 0.07161458333333333
0 0.43505859375 0.2584635416666667 0.0380859375 0.037760416666666664
0 0.76416015625 0.3834635416666667 0.0693359375 0.12369791666666667
0 0.990234375 0.353515625 0.01953125 0.05078125
0 0.85302734375 0.4303385416666667 0.0419921875 0.08723958333333333
0 0.64111328125 0.4401041666666667 0.0615234375 0.09375
0 0.5849609375 0.6106770833333334 0.080078125 0.125
0 0.91162109375 0.69140625 0.0341796875 0.044270833333333336
0 0.2314453125 0.8841145833333334 0.06640625 0.07552083333333333
0 0.63720703125 0.9908854166666666 0.0439453125 0.018229166666666668
