0 0.22607421875 0.033854166666666664 0.0380859375 0.06770833333333333
0 0.943359375 0.06901041666666667 0.083984375 0.109375
0 0.330078125 0.08658854166666667 0.05859375 0.08723958333333333
0 0.986328125 0.12955729166666666 0.02734375 0.07682291666666667
0 0.4609375 0.13151041666666666 0.01953125 0.020833333333333332
0 0.81640625 0.20963541666666666 0.099609375 0.11197916666666667
0 0.2021484375 0.3014322916666667 0.08203125 0.09765625
0 0.4150390625 0.3600260416666667 0.08984375 0.06901041666666667
0 0.80078125 0.4973958333333333 0.072265625 0.140625
0 0.97900390625 0.5013020833333334 0.0419921875 0.09375
0 0.92724609375 0.5651041666666666 0.0732421875 0.08854166666666667
0 0.17333984375 0.5748697916666666 0.0322265625 0.04296875
0 0.6884765625 0.6217447916666666 0.0546875 0.10026041666666667
0 0.9150390625 0.7154947916666666 0.033203125 0.05859375
0 0.81787109375 0.7962239583333334 0.1357421875 0.10807291666666667
0 0.8505859375 0.9518229166666666 0.091796875 0.09635416666666667
0 0.41845703125 0.96875 0.0673828125 0.0625
0 0.10888671875 0.994140625 0.0654296875 0.01171875
0 0.45849609375 0.5325520833333334 0.2060546875 0.08854166666666667
0 0.50927734375 0.6295572916666666 0.1201171875 0.10546875
0 0.6083984375 0.078125 0.0625 0.07291666666666667
0 0.63037109375 0.12434895833333333 0.0576171875 0.08463541666666667
