0 0.92822265625 0.06901041666666667 0.0380859375 0.046875
0 0.35546875 0.10611979166666667 0.0625 0.07161458333333333
0 0.77490234375 0.19401041666666666 0.0556640625 0.12239583333333333
0 0.869140625 0.19270833333333334 0.068359375 0.06770833333333333
0 0.39208984375 0.21028645833333334 0.0498046875 0.061197916666666664
0 0.24853515625 0.2610677083333333 0.0419921875 0.061197916666666664
0 0.43310546875 0.263671875 0.0732421875 0.061197916666666664
0 0.77099609375 0.4010416666666667 0.0751953125 0.13802083333333334
0 0.9853515625 0.3678385416666667 0.029296875 0.07161458333333333
0 0.86376953125 0.41015625 0.0498046875 0.11458333333333333
0 0.48779296875 0.3854166666666667 0.0498046875 0.059895833333333336
0 0.66015625 0.4733072916666667 0.0546875 0.11588541666666667
0 0.57080078125 0.59375 0.1044921875 0.13802083333333334
0 0.55712890625 0.6868489583333334 0.0517578125 0.07942708333333333
0 0.904296875 0.7044270833333334 0.0625 0.07552083333333333
0 0.23828125 0.8880208333333334 0.0859375 0.08854166666666667
