0 0.923828125 0.07096354166666667 0.033203125 0.045572916666666664
0 0.3603515625 0.107421875 0.048828125 0.053385416666666664
0 0.76220703125 0.1640625 0.0517578125 0.10677083333333333
0 0.2880859375 0.15755208333333334 0.017578125 0.03125
0 0.38916015625 0.21158854166666666 0.0556640625 0.07421875
0 0.25634765625 0.2623697916666667 0.0654296875 0.08723958333333333
0 0.439453125 0.2552083333333333 0.013671875 0.018229166666666668
0 0.76171875 0.373046875 0.068359375 0.12630208333333334
0 0.99267578125 0.3509114583333333 0.0146484375 0.04296875
0 0.6328125 0.431640625 0.064453125 0.08984375
0 0.8486328125 0.435546875 0.05078125 0.09244791666666667
0 0.5849609375 0.619140625 0.076171875 0.12109375
0 0.23046875 0.8815104166666666 0.064453125 0.08072916666666667
0 0.63427734375 0.9928385416666666 0.0283203125 0.014322916666666666
0 0.78857421875 0.99609375 0.0400390625 0.0078125
