0 0.91552734375 0.08919270833333333 0.0341796875 0.05859375
0 0.29541015625 0.11458333333333333 0.0654296875 0.09375
0 0.3798828125 0.21744791666666666 0.033203125 0.046875
0 0.88525390625 0.2513020833333333 0.0361328125 0.046875
0 0.72607421875 0.2981770833333333 0.0595703125 0.08072916666666667
0 0.34375 0.3229166666666667 0.09765625 0.09114583333333333
0 0.56884765625 0.3600260416666667 0.0712890625 0.08984375
0 0.2646484375 0.5130208333333334 0.107421875 0.23958333333333334
0 0.79931640625 0.4485677083333333 0.0537109375 0.06640625
0 0.103515625 0.5299479166666666 0.083984375 0.16145833333333334
0 0.388671875 0.8033854166666666 0.068359375 0.08333333333333333
0 0.82373046875 0.9557291666666666 0.0810546875 0.08854166666666667
