0 0.91552734375 0.08854166666666667 0.0341796875 0.059895833333333336
0 0.29443359375 0.11458333333333333 0.0654296875 0.09114583333333333
0 0.38037109375 0.21549479166666666 0.0322265625 0.045572916666666664
0 0.88427734375 0.25 0.0380859375 0.052083333333333336
0 0.7255859375 0.2942708333333333 0.05859375 0.08072916666666667
0 0.34423828125 0.3235677083333333 0.0947265625 0.09244791666666667
0 0.568359375 0.3580729166666667 0.0703125 0.09375
0 0.2666015625 0.5162760416666666 0.109375 0.23828125
0 0.80078125 0.447265625 0.0546875 0.06640625
0 0.10595703125 0.53125 0.0830078125 0.15885416666666666
0 0.38818359375 0.80078125 0.0673828125 0.08333333333333333
0 0.826171875 0.9544270833333334 0.078125 0.09114583333333333
