0 0.2958984375 0.109375 0.064453125 0.09635416666666667
0 0.91455078125 0.09114583333333333 0.0341796875 0.0625
0 0.380859375 0.21809895833333334 0.02734375 0.032552083333333336
0 0.88916015625 0.24869791666666666 0.0537109375 0.0625
0 0.72412109375 0.2916666666666667 0.0576171875 0.07291666666666667
0 0.34619140625 0.3274739583333333 0.0849609375 0.08203125
0 0.564453125 0.3528645833333333 0.07421875 0.09375
0 0.26806640625 0.5240885416666666 0.1162109375 0.22786458333333334
0 0.798828125 0.4453125 0.0546875 0.0703125
0 0.10546875 0.5390625 0.080078125 0.1484375
0 0.3876953125 0.798828125 0.064453125 0.07682291666666667
0 0.8291015625 0.9466145833333334 0.076171875 0.08854166666666667
