0 0.22607421875 0.027994791666666668 0.0419921875 0.055989583333333336
0 0.3310546875 0.09049479166666667 0.05859375 0.08984375
0 0.8203125 0.21028645833333334 0.099609375 0.11328125
0 0.20654296875 0.2981770833333333 0.0830078125 0.09635416666666667
0 0.81201171875 0.27734375 0.0087890625 0.015625
0 0.4189453125 0.36328125 0.08984375 0.06770833333333333
0 0.80029296875 0.4928385416666667 0.0751953125 0.14453125
0 0.97998046875 0.5 0.0400390625 0.09635416666666667
0 0.4677734375 0.53125 0.185546875 0.09114583333333333
0 0.9296875 0.5657552083333334 0.07421875 0.08463541666666667
0 0.68994140625 0.6197916666666666 0.0517578125 0.09895833333333333
0 0.51708984375 0.6373697916666666 0.1083984375 0.10807291666666667
0 0.916015625 0.7135416666666666 0.02734375 0.041666666666666664
0 0.8232421875 0.7916666666666666 0.138671875 0.10677083333333333
0 0.8515625 0.9466145833333334 0.09765625 0.10677083333333333
0 0.4208984375 0.9654947916666666 0.06640625 0.055989583333333336
0 0.32373046875 0.9947916666666666 0.0400390625 0.010416666666666666
0 0.10986328125 0.99609375 0.0322265625 0.0078125
0 0.60693359375 0.07877604166666667 0.0654296875 0.06380208333333333
0 0.63134765625 0.11979166666666667 0.0595703125 0.08333333333333333
0 0.94287109375 0.07291666666666667 0.0810546875 0.10677083333333333
0 0.9853515625 0.12565104166666666 0.02734375 0.08203125
