0 0.2255859375 0.014973958333333334 0.044921875 0.029947916666666668
0 0.93994140625 0.07161458333333333 0.0673828125 0.09375
0 0.33740234375 0.09700520833333333 0.0595703125 0.09244791666666667
0 0.63818359375 0.09375 0.0693359375 0.08854166666666667
0 0.60107421875 0.068359375 0.0302734375 0.032552083333333336
0 0.98828125 0.107421875 0.0234375 0.06640625
0 0.84130859375 0.20182291666666666 0.1064453125 0.125
0 0.22607421875 0.2721354166666667 0.0712890625 0.09375
0 0.7978515625 0.2708333333333333 0.048828125 0.057291666666666664
0 0.4052734375 0.2884114583333333 0.015625 0.024739583333333332
0 0.44580078125 0.3736979166666667 0.0849609375 0.059895833333333336
0 0.79345703125 0.4654947916666667 0.0751953125 0.14453125
0 0.984375 0.4895833333333333 0.03125 0.09635416666666667
0 0.50537109375 0.5501302083333334 0.1669921875 0.11848958333333333
0 0.6875 0.583984375 0.046875 0.10807291666666667
0 0.93994140625 0.5729166666666666 0.0712890625 0.08333333333333333
0 0.54443359375 0.6640625 0.0849609375 0.125
0 0.84228515625 0.7649739583333334 0.1494140625 0.11328125
0 0.25830078125 0.916015625 0.0166015625 0.02734375
0 0.4326171875 0.9479166666666666 0.0390625 0.033854166666666664
0 0.3583984375 0.9798177083333334 0.15625 0.040364583333333336
0 0.984375 0.9876302083333334 0.03125 0.024739583333333332
0 0.8984375 0.9635416666666666 0.126953125 0.0703125
0 0.89013671875 0.912109375 0.1572265625 0.11328125
