0 0.92626953125 0.0703125 0.0341796875 0.046875
0 0.35693359375 0.107421875 0.0576171875 0.06640625
0 0.77001953125 0.18229166666666666 0.0537109375 0.12239583333333333
0 0.8740234375 0.1875 0.021484375 0.028645833333333332
0 0.39111328125 0.21028645833333334 0.0498046875 0.06640625
0 0.8935546875 0.21028645833333334 0.01171875 0.022135416666666668
0 0.24755859375 0.2584635416666667 0.0517578125 0.07421875
0 0.43212890625 0.2591145833333333 0.0654296875 0.057291666666666664
0 0.767578125 0.3919270833333333 0.072265625 0.13802083333333334
0 0.984375 0.3639322916666667 0.03125 0.06901041666666667
0 0.8564453125 0.4134114583333333 0.046875 0.11848958333333333
0 0.48779296875 0.38671875 0.0302734375 0.033854166666666664
0 0.64990234375 0.4544270833333333 0.0595703125 0.09895833333333333
0 0.57666015625 0.599609375 0.0947265625 0.13671875
0 0.55712890625 0.689453125 0.0361328125 0.055989583333333336
0 0.90771484375 0.6979166666666666 0.0498046875 0.059895833333333336
0 0.23388671875 0.8860677083333334 0.0830078125 0.09244791666666667
0 0.6376953125 0.9895833333333334 0.0390625 0.020833333333333332
