0 0.224609375 0.011067708333333334 0.03515625 0.022135416666666668
0 0.6474609375 0.06770833333333333 0.064453125 0.078125
0 0.93310546875 0.07356770833333333 0.0595703125 0.07421875
0 0.345703125 0.1015625 0.0625 0.09114583333333333
0 0.9921875 0.09700520833333333 0.015625 0.055989583333333336
0 0.85693359375 0.19401041666666666 0.1064453125 0.12239583333333333
0 0.787109375 0.24739583333333334 0.060546875 0.0859375
0 0.2314453125 0.255859375 0.05859375 0.08203125
0 0.41357421875 0.2845052083333333 0.0654296875 0.055989583333333336
0 0.47216796875 0.3841145833333333 0.0830078125 0.06770833333333333
0 0.8740234375 0.3997395833333333 0.0390625 0.078125
0 0.78564453125 0.4381510416666667 0.0751953125 0.14192708333333334
0 0.98828125 0.47265625 0.0234375 0.078125
0 0.68359375 0.5423177083333334 0.05078125 0.11067708333333333
0 0.533203125 0.5631510416666666 0.142578125 0.12890625
0 0.94677734375 0.5696614583333334 0.0634765625 0.07682291666666667
0 0.55078125 0.6764322916666666 0.078125 0.12890625
0 0.88134765625 0.73046875 0.1005859375 0.09635416666666667
0 0.2509765625 0.9029947916666666 0.072265625 0.08203125
0 0.36669921875 0.9772135416666666 0.1669921875 0.045572916666666664
0 0.97802734375 0.9759114583333334 0.0419921875 0.045572916666666664
0 0.9033203125 0.9069010416666666 0.13671875 0.11588541666666667
0 0.90673828125 0.9674479166666666 0.0927734375 0.0625
