0 0.9296875 0.0703125 0.037109375 0.049479166666666664
0 0.35498046875 0.10611979166666667 0.0595703125 0.07161458333333333
0 0.77734375 0.20247395833333334 0.05859375 0.12369791666666667
0 0.869140625 0.19140625 0.07421875 0.08333333333333333
0 0.392578125 0.20833333333333334 0.048828125 0.057291666666666664
0 0.248046875 0.2623697916666667 0.03125 0.053385416666666664
0 0.43310546875 0.2649739583333333 0.0712890625 0.061197916666666664
0 0.986328125 0.3723958333333333 0.02734375 0.078125
0 0.7744140625 0.40625 0.07421875 0.140625
0 0.86669921875 0.4075520833333333 0.0517578125 0.11197916666666667
0 0.48583984375 0.3893229166666667 0.0576171875 0.059895833333333336
0 0.6640625 0.4811197916666667 0.052734375 0.11328125
0 0.56298828125 0.5891927083333334 0.1162109375 0.13671875
0 0.9462890625 0.5598958333333334 0.017578125 0.018229166666666668
0 0.55615234375 0.685546875 0.0576171875 0.08984375
0 0.904296875 0.705078125 0.068359375 0.08203125
0 0.24169921875 0.892578125 0.0869140625 0.09244791666666667
