0 0.92529296875 0.0703125 0.0341796875 0.046875
0 0.3583984375 0.10611979166666667 0.05859375 0.06380208333333333
0 0.76708984375 0.17578125 0.0537109375 0.11458333333333333
0 0.3896484375 0.20833333333333334 0.052734375 0.0703125
0 0.25 0.2578125 0.056640625 0.078125
0 0.43505859375 0.2578125 0.0458984375 0.046875
0 0.7646484375 0.3841145833333333 0.0703125 0.1328125
0 0.98828125 0.357421875 0.0234375 0.055989583333333336
0 0.85302734375 0.4205729166666667 0.0458984375 0.11458333333333333
0 0.64208984375 0.44140625 0.0615234375 0.09375
0 0.58056640625 0.607421875 0.0869140625 0.12630208333333334
0 0.90966796875 0.6927083333333334 0.0380859375 0.052083333333333336
0 0.5556640625 0.69140625 0.01953125 0.026041666666666668
0 0.23193359375 0.8821614583333334 0.0771484375 0.08984375
0 0.6357421875 0.990234375 0.041015625 0.01953125
