0 0.294921875 0.099609375 0.060546875 0.08984375
0 0.91259765625 0.09765625 0.0380859375 0.06770833333333333
0 0.37451171875 0.216796875 0.0107421875 0.01953125
0 0.87939453125 0.244140625 0.0595703125 0.07682291666666667
0 0.7177734375 0.2819010416666667 0.056640625 0.07682291666666667
0 0.3427734375 0.328125 0.083984375 0.07291666666666667
0 0.55517578125 0.3470052083333333 0.0673828125 0.09505208333333333
0 0.791015625 0.4427083333333333 0.056640625 0.06770833333333333
0 0.27734375 0.537109375 0.107421875 0.23828125
0 0.63720703125 0.4348958333333333 0.0341796875 0.033854166666666664
0 0.1025390625 0.5436197916666666 0.072265625 0.14192708333333334
0 0.38525390625 0.7975260416666666 0.0576171875 0.07161458333333333
0 0.82958984375 0.935546875 0.0712890625 0.07682291666666667
