0 0.29638671875 0.107421875 0.0654296875 0.08723958333333333
0 0.91552734375 0.09375 0.0361328125 0.0625
0 0.380859375 0.21744791666666666 0.03125 0.036458333333333336
0 0.8828125 0.248046875 0.05078125 0.06380208333333333
0 0.72265625 0.2897135416666667 0.05859375 0.07682291666666667
0 0.34765625 0.3268229166666667 0.083984375 0.08333333333333333
0 0.564453125 0.3528645833333333 0.072265625 0.09375
0 0.2705078125 0.5305989583333334 0.109375 0.23567708333333334
0 0.79736328125 0.4459635416666667 0.0537109375 0.06901041666666667
0 0.1064453125 0.5397135416666666 0.078125 0.14713541666666666
0 0.38720703125 0.8020833333333334 0.0654296875 0.08333333333333333
0 0.82958984375 0.9453125 0.0751953125 0.08333333333333333
