0 0.916015625 0.087890625 0.033203125 0.061197916666666664
0 0.29443359375 0.11653645833333333 0.0634765625 0.09244791666666667
0 0.37939453125 0.21875 0.0341796875 0.049479166666666664
0 0.88525390625 0.251953125 0.0361328125 0.040364583333333336
0 0.72607421875 0.298828125 0.0595703125 0.08203125
0 0.3388671875 0.3235677083333333 0.103515625 0.09505208333333333
0 0.5703125 0.3619791666666667 0.072265625 0.08854166666666667
0 0.263671875 0.5130208333333334 0.10546875 0.23177083333333334
0 0.80126953125 0.4498697916666667 0.0537109375 0.06640625
0 0.103515625 0.5234375 0.083984375 0.17447916666666666
0 0.38916015625 0.8040364583333334 0.0693359375 0.08723958333333333
0 0.81982421875 0.9563802083333334 0.0888671875 0.08723958333333333
