0 0.9248046875 0.072265625 0.03515625 0.048177083333333336
0 0.3603515625 0.10872395833333333 0.056640625 0.06380208333333333
0 0.765625 0.17122395833333334 0.0546875 0.11588541666666667
0 0.39013671875 0.21028645833333334 0.0537109375 0.07161458333333333
0 0.25048828125 0.2591145833333333 0.0576171875 0.08072916666666667
0 0.43359375 0.2578125 0.044921875 0.041666666666666664
0 0.76416015625 0.380859375 0.0673828125 0.12890625
0 0.98974609375 0.3522135416666667 0.0205078125 0.05078125
0 0.85205078125 0.4251302083333333 0.0478515625 0.10546875
0 0.64208984375 0.4401041666666667 0.0634765625 0.09375
0 0.5830078125 0.609375 0.080078125 0.125
0 0.91064453125 0.693359375 0.0361328125 0.05078125
0 0.23095703125 0.8821614583333334 0.0751953125 0.08723958333333333
0 0.634765625 0.9921875 0.041015625 0.015625
