0 0.91943359375 0.07096354166666667 0.0341796875 0.04296875
0 0.755859375 0.15690104166666666 0.0390625 0.08984375
0 0.2900390625 0.15494791666666666 0.052734375 0.06770833333333333
0 0.3857421875 0.21614583333333334 0.048828125 0.07291666666666667
0 0.2724609375 0.283203125 0.078125 0.10026041666666667
0 0.75048828125 0.353515625 0.0693359375 0.11588541666666667
0 0.61474609375 0.40625 0.0654296875 0.078125
0 0.0830078125 0.4446614583333333 0.0625 0.11588541666666667
0 0.83544921875 0.443359375 0.0556640625 0.08203125
0 0.23583984375 0.4466145833333333 0.0498046875 0.0859375
0 0.5869140625 0.6256510416666666 0.05859375 0.08723958333333333
0 0.40185546875 0.828125 0.0244140625 0.03125
0 0.78759765625 0.9856770833333334 0.0869140625 0.028645833333333332
