0 0.224609375 0.022135416666666668 0.04296875 0.044270833333333336
0 0.94140625 0.07356770833333333 0.07421875 0.09765625
0 0.33154296875 0.095703125 0.0615234375 0.09244791666666667
0 0.98779296875 0.119140625 0.0244140625 0.07161458333333333
0 0.828125 0.20703125 0.103515625 0.12239583333333333
0 0.21826171875 0.2858072916666667 0.0771484375 0.09505208333333333
0 0.8037109375 0.2760416666666667 0.033203125 0.052083333333333336
0 0.4267578125 0.3684895833333333 0.09375 0.06510416666666667
0 0.79638671875 0.4817708333333333 0.0751953125 0.140625
0 0.98095703125 0.4967447916666667 0.0380859375 0.09505208333333333
0 0.4853515625 0.5403645833333334 0.181640625 0.10677083333333333
0 0.93505859375 0.5709635416666666 0.0751953125 0.08463541666666667
0 0.68896484375 0.60546875 0.0498046875 0.09375
0 0.53076171875 0.650390625 0.0966796875 0.11588541666666667
0 0.83349609375 0.7825520833333334 0.1455078125 0.11197916666666667
0 0.8740234375 0.931640625 0.140625 0.13671875
0 0.42529296875 0.9583333333333334 0.0576171875 0.057291666666666664
0 0.3388671875 0.98828125 0.10546875 0.0234375
0 0.60546875 0.076171875 0.0625 0.05859375
0 0.63330078125 0.10872395833333333 0.0634765625 0.08463541666666667
