0 0.2265625 0.017578125 0.046875 0.03515625
0 0.94091796875 0.07161458333333333 0.0693359375 0.09375
0 0.3359375 0.09765625 0.05859375 0.09375
0 0.98876953125 0.11393229166666667 0.0224609375 0.06901041666666667
0 0.8359375 0.20442708333333334 0.107421875 0.125
0 0.22412109375 0.2779947916666667 0.0732421875 0.09505208333333333
0 0.80126953125 0.2740885416666667 0.0419921875 0.055989583333333336
0 0.4404296875 0.37109375 0.08984375 0.06510416666666667
0 0.7939453125 0.4720052083333333 0.07421875 0.13932291666666666
0 0.982421875 0.4915364583333333 0.03515625 0.09244791666666667
0 0.49853515625 0.5455729166666666 0.1748046875 0.109375
0 0.9375 0.5729166666666666 0.07421875 0.08333333333333333
0 0.6884765625 0.5924479166666666 0.048828125 0.1015625
0 0.53857421875 0.6608072916666666 0.0908203125 0.12109375
0 0.83837890625 0.7734375 0.1474609375 0.11979166666666667
0 0.8876953125 0.9283854166666666 0.158203125 0.14322916666666666
0 0.4306640625 0.9537760416666666 0.046875 0.04296875
0 0.35498046875 0.9856770833333334 0.1474609375 0.028645833333333332
0 0.60546875 0.07486979166666667 0.044921875 0.048177083333333336
0 0.63720703125 0.10026041666666667 0.0693359375 0.08333333333333333
