0 0.9189453125 0.07291666666666667 0.033203125 0.044270833333333336
0 0.2900390625 0.15234375 0.0546875 0.078125
0 0.755859375 0.15234375 0.03515625 0.07291666666666667
0 0.38525390625 0.21744791666666666 0.0478515625 0.07552083333333333
0 0.28076171875 0.2884114583333333 0.0888671875 0.11067708333333333
0 0.74853515625 0.3509114583333333 0.0673828125 0.11328125
0 0.61083984375 0.4036458333333333 0.0673828125 0.078125
0 0.0830078125 0.4459635416666667 0.06640625 0.12890625
0 0.23583984375 0.453125 0.0634765625 0.12239583333333333
0 0.83203125 0.4440104166666667 0.056640625 0.078125
0 0.5888671875 0.6256510416666666 0.052734375 0.07942708333333333
0 0.396484375 0.8287760416666666 0.037109375 0.045572916666666664
0 0.79052734375 0.9817708333333334 0.0908203125 0.036458333333333336
