0 0.92578125 0.0703125 0.033203125 0.046875
0 0.35693359375 0.10611979166666667 0.0576171875 0.06640625
0 0.771484375 0.18489583333333334 0.0546875 0.12239583333333333
0 0.8779296875 0.19661458333333334 0.041015625 0.052083333333333336
0 0.39111328125 0.21028645833333334 0.0498046875 0.06640625
0 0.24755859375 0.2565104166666667 0.0458984375 0.07291666666666667
0 0.43310546875 0.26171875 0.0654296875 0.0625
0 0.76806640625 0.3951822916666667 0.0712890625 0.13671875
0 0.984375 0.36328125 0.03125 0.0703125
0 0.8583984375 0.412109375 0.046875 0.11588541666666667
0 0.48828125 0.3893229166666667 0.0390625 0.041666666666666664
0 0.6533203125 0.4602864583333333 0.056640625 0.09765625
0 0.5751953125 0.599609375 0.099609375 0.13671875
0 0.55810546875 0.6875 0.0380859375 0.059895833333333336
0 0.90771484375 0.7024739583333334 0.0517578125 0.07161458333333333
0 0.23486328125 0.88671875 0.0830078125 0.08854166666666667
0 0.63818359375 0.9908854166666666 0.0380859375 0.018229166666666668
