0 0.91650390625 0.0859375 0.0322265625 0.057291666666666664
0 0.2958984375 0.12109375 0.06640625 0.09375
0 0.3818359375 0.22005208333333334 0.037109375 0.0546875
0 0.890625 0.2545572916666667 0.015625 0.016927083333333332
0 0.7294921875 0.3053385416666667 0.060546875 0.08723958333333333
0 0.34033203125 0.3209635416666667 0.1025390625 0.09505208333333333
0 0.5732421875 0.3658854166666667 0.072265625 0.09114583333333333
0 0.2607421875 0.5045572916666666 0.107421875 0.22265625
0 0.80322265625 0.4498697916666667 0.0517578125 0.06380208333333333
0 0.10498046875 0.5149739583333334 0.0869140625 0.18880208333333334
0 0.390625 0.8053385416666666 0.072265625 0.08984375
0 0.8154296875 0.9583333333333334 0.09375 0.08333333333333333
