0 0.91455078125 0.07747395833333333 0.0341796875 0.05078125
0 0.29052734375 0.13606770833333334 0.0634765625 0.10026041666666667
0 0.3837890625 0.21744791666666666 0.04296875 0.0703125
0 0.3154296875 0.306640625 0.125 0.12109375
0 0.73583984375 0.3209635416666667 0.0654296875 0.09765625
0 0.58984375 0.3802083333333333 0.072265625 0.08333333333333333
0 0.24853515625 0.4772135416666667 0.1103515625 0.19661458333333334
0 0.095703125 0.4830729166666667 0.09375 0.20052083333333334
0 0.8125 0.4518229166666667 0.052734375 0.0703125
0 0.39306640625 0.814453125 0.0673828125 0.08723958333333333
0 0.80126953125 0.9680989583333334 0.0947265625 0.06380208333333333
