0 0.6552734375 0.05078125 0.02734375 0.033854166666666664
0 0.9306640625 0.07161458333333333 0.046875 0.059895833333333336
0 0.3505859375 0.10611979166666667 0.0625 0.07682291666666667
0 0.86572265625 0.19270833333333334 0.0947265625 0.10677083333333333
0 0.78076171875 0.224609375 0.0595703125 0.10807291666666667
0 0.396484375 0.21354166666666666 0.03515625 0.041666666666666664
0 0.232421875 0.24283854166666666 0.015625 0.02734375
0 0.42822265625 0.2760416666666667 0.0732421875 0.059895833333333336
0 0.98974609375 0.37109375 0.0205078125 0.06510416666666667
0 0.779296875 0.421875 0.076171875 0.140625
0 0.8701171875 0.4029947916666667 0.048828125 0.10026041666666667
0 0.482421875 0.390625 0.0703125 0.06770833333333333
0 0.673828125 0.5091145833333334 0.052734375 0.11458333333333333
0 0.55419921875 0.5794270833333334 0.1279296875 0.13541666666666666
0 0.9501953125 0.5651041666666666 0.044921875 0.059895833333333336
0 0.55322265625 0.6842447916666666 0.0712890625 0.10546875
0 0.89794921875 0.71484375 0.0810546875 0.09114583333333333
0 0.24560546875 0.8971354166666666 0.0849609375 0.09114583333333333
0 0.90966796875 0.9049479166666666 0.0888671875 0.08854166666666667
0 0.91552734375 0.9694010416666666 0.0517578125 0.04296875
0 0.9755859375 0.9680989583333334 0.025390625 0.029947916666666668
0 0.40087890625 0.9817708333333334 0.0927734375 0.036458333333333336
