0 0.2255859375 0.030598958333333332 0.041015625 0.061197916666666664
0 0.33056640625 0.087890625 0.0595703125 0.08984375
0 0.4599609375 0.13346354166666666 0.013671875 0.016927083333333332
0 0.8173828125 0.21028645833333334 0.09765625 0.11067708333333333
0 0.20361328125 0.3014322916666667 0.0791015625 0.09505208333333333
0 0.4169921875 0.3600260416666667 0.091796875 0.06901041666666667
0 0.80078125 0.498046875 0.07421875 0.13671875
0 0.9794921875 0.5026041666666666 0.041015625 0.09375
0 0.4609375 0.5345052083333334 0.197265625 0.09244791666666667
0 0.92724609375 0.5657552083333334 0.0732421875 0.08723958333333333
0 0.17626953125 0.57421875 0.0263671875 0.036458333333333336
0 0.68994140625 0.6204427083333334 0.0517578125 0.09765625
0 0.51025390625 0.6315104166666666 0.1181640625 0.10677083333333333
0 0.91455078125 0.7161458333333334 0.0322265625 0.049479166666666664
0 0.82080078125 0.7936197916666666 0.1376953125 0.10807291666666667
0 0.85009765625 0.9498697916666666 0.0927734375 0.10026041666666667
0 0.4189453125 0.9674479166666666 0.068359375 0.06510416666666667
0 0.10986328125 0.9954427083333334 0.0615234375 0.009114583333333334
0 0.609375 0.076171875 0.064453125 0.06901041666666667
0 0.6298828125 0.12174479166666667 0.05859375 0.07942708333333333
0 0.94482421875 0.0703125 0.0849609375 0.11197916666666667
0 0.9853515625 0.12825520833333334 0.02734375 0.08723958333333333
