0 0.91845703125 0.072265625 0.0322265625 0.045572916666666664
0 0.29052734375 0.150390625 0.0595703125 0.07942708333333333
0 0.7548828125 0.15104166666666666 0.03125 0.0625
0 0.384765625 0.216796875 0.048828125 0.07161458333333333
0 0.2900390625 0.2936197916666667 0.09765625 0.11588541666666667
0 0.7470703125 0.345703125 0.068359375 0.10807291666666667
0 0.60595703125 0.3951822916666667 0.0732421875 0.08463541666666667
0 0.08447265625 0.4505208333333333 0.0712890625 0.14322916666666666
0 0.23828125 0.462890625 0.072265625 0.14453125
0 0.82958984375 0.447265625 0.0556640625 0.07942708333333333
0 0.58984375 0.6243489583333334 0.04296875 0.06380208333333333
0 0.39697265625 0.8255208333333334 0.0439453125 0.052083333333333336
0 0.79296875 0.9811197916666666 0.087890625 0.037760416666666664
