0 0.2255859375 0.013671875 0.044921875 0.02734375
0 0.939453125 0.07161458333333333 0.0625 0.08854166666666667
0 0.64013671875 0.08528645833333333 0.0693359375 0.09244791666666667
0 0.3388671875 0.099609375 0.05859375 0.09244791666666667
0 0.9892578125 0.10286458333333333 0.021484375 0.0625
0 0.84619140625 0.19986979166666666 0.1064453125 0.12630208333333334
0 0.228515625 0.267578125 0.0703125 0.08984375
0 0.79541015625 0.2669270833333333 0.0517578125 0.06770833333333333
0 0.40478515625 0.2890625 0.0283203125 0.041666666666666664
0 0.45166015625 0.3736979166666667 0.0830078125 0.059895833333333336
0 0.873046875 0.4016927083333333 0.025390625 0.04296875
0 0.7919921875 0.4583333333333333 0.07421875 0.1484375
0 0.984375 0.4869791666666667 0.03125 0.09114583333333333
0 0.5107421875 0.5533854166666666 0.169921875 0.12239583333333333
0 0.6875 0.576171875 0.046875 0.11328125
0 0.94287109375 0.572265625 0.0693359375 0.08203125
0 0.5458984375 0.6666666666666666 0.08203125 0.125
0 0.845703125 0.7591145833333334 0.1484375 0.109375
0 0.2587890625 0.9114583333333334 0.044921875 0.049479166666666664
0 0.43408203125 0.9459635416666666 0.0283203125 0.024739583333333332
0 0.35986328125 0.978515625 0.1611328125 0.04296875
0 0.89404296875 0.9088541666666666 0.1572265625 0.1171875
0 0.89990234375 0.962890625 0.1201171875 0.07161458333333333
0 0.9794921875 0.98046875 0.0390625 0.036458333333333336
