0 0.2265625 0.012369791666666666 0.044921875 0.024739583333333332
0 0.93798828125 0.07291666666666667 0.0615234375 0.0859375
0 0.640625 0.08463541666666667 0.072265625 0.0859375
0 0.33984375 0.09830729166666667 0.05859375 0.09244791666666667
0 0.9892578125 0.103515625 0.021484375 0.06901041666666667
0 0.84716796875 0.19986979166666666 0.1083984375 0.12890625
0 0.22900390625 0.267578125 0.0693359375 0.09244791666666667
0 0.7958984375 0.2662760416666667 0.0546875 0.07161458333333333
0 0.40478515625 0.2897135416666667 0.0283203125 0.04296875
0 0.45458984375 0.3763020833333333 0.0830078125 0.06510416666666667
0 0.87451171875 0.4016927083333333 0.0263671875 0.045572916666666664
0 0.7919921875 0.4583333333333333 0.072265625 0.14322916666666666
0 0.98486328125 0.4837239583333333 0.0302734375 0.08203125
0 0.513671875 0.5540364583333334 0.16796875 0.12369791666666667
0 0.68701171875 0.5735677083333334 0.0498046875 0.11067708333333333
0 0.9443359375 0.572265625 0.068359375 0.08463541666666667
0 0.5458984375 0.6673177083333334 0.0859375 0.12630208333333334
0 0.84716796875 0.7571614583333334 0.1474609375 0.11067708333333333
0 0.2587890625 0.9095052083333334 0.046875 0.053385416666666664
0 0.4345703125 0.9440104166666666 0.025390625 0.020833333333333332
0 0.3623046875 0.978515625 0.1640625 0.04296875
0 0.97998046875 0.9817708333333334 0.0380859375 0.033854166666666664
0 0.89501953125 0.9088541666666666 0.1572265625 0.11197916666666667
0 0.90234375 0.9635416666666666 0.111328125 0.0703125
