0 0.92919921875 0.07096354166666667 0.0361328125 0.048177083333333336
0 0.35595703125 0.10546875 0.0595703125 0.0703125
0 0.77587890625 0.197265625 0.0556640625 0.12369791666666667
0 0.869140625 0.19075520833333334 0.072265625 0.07942708333333333
0 0.39306640625 0.20768229166666666 0.0478515625 0.05859375
0 0.24853515625 0.2630208333333333 0.0380859375 0.0546875
0 0.43359375 0.2649739583333333 0.0703125 0.061197916666666664
0 0.9853515625 0.3658854166666667 0.029296875 0.0703125
0 0.7724609375 0.404296875 0.07421875 0.13932291666666666
0 0.86474609375 0.4095052083333333 0.0498046875 0.11588541666666667
0 0.4892578125 0.3893229166666667 0.046875 0.0546875
0 0.662109375 0.4778645833333333 0.052734375 0.11458333333333333
0 0.56640625 0.5924479166666666 0.111328125 0.140625
0 0.5576171875 0.685546875 0.0546875 0.08723958333333333
0 0.90478515625 0.7057291666666666 0.0673828125 0.08072916666666667
0 0.23974609375 0.888671875 0.0888671875 0.09244791666666667
