0 0.927734375 0.07096354166666667 0.037109375 0.048177083333333336
0 0.35498046875 0.107421875 0.0615234375 0.07161458333333333
0 0.7744140625 0.19791666666666666 0.056640625 0.125
0 0.869140625 0.19205729166666666 0.0703125 0.07161458333333333
0 0.39306640625 0.21028645833333334 0.0498046875 0.061197916666666664
0 0.248046875 0.26171875 0.041015625 0.057291666666666664
0 0.43212890625 0.263671875 0.0712890625 0.06380208333333333
0 0.9853515625 0.3671875 0.029296875 0.07291666666666667
0 0.771484375 0.4036458333333333 0.072265625 0.13802083333333334
0 0.86328125 0.41015625 0.048828125 0.11197916666666667
0 0.48876953125 0.3880208333333333 0.0478515625 0.0546875
0 0.66064453125 0.4752604166666667 0.0537109375 0.11197916666666667
0 0.568359375 0.591796875 0.107421875 0.14192708333333334
0 0.556640625 0.6861979166666666 0.052734375 0.08072916666666667
0 0.9052734375 0.7024739583333334 0.06640625 0.07682291666666667
0 0.2392578125 0.8893229166666666 0.087890625 0.09114583333333333
