0 0.29345703125 0.09895833333333333 0.0654296875 0.0859375
0 0.9140625 0.08984375 0.037109375 0.06510416666666667
0 0.376953125 0.212890625 0.025390625 0.032552083333333336
0 0.8818359375 0.24283854166666666 0.0546875 0.06901041666666667
0 0.71923828125 0.2819010416666667 0.0595703125 0.07421875
0 0.34912109375 0.3248697916666667 0.0732421875 0.07682291666666667
0 0.55908203125 0.3489583333333333 0.0712890625 0.09375
0 0.79345703125 0.4427083333333333 0.0556640625 0.06770833333333333
0 0.2734375 0.5305989583333334 0.10546875 0.23567708333333334
0 0.1015625 0.541015625 0.076171875 0.14453125
0 0.38525390625 0.798828125 0.0634765625 0.07682291666666667
0 0.828125 0.939453125 0.07421875 0.07942708333333333
