0 0.22607421875 0.0078125 0.0263671875 0.015625
0 0.64794921875 0.06640625 0.0556640625 0.0703125
0 0.93359375 0.072265625 0.052734375 0.06901041666666667
0 0.34619140625 0.10026041666666667 0.0615234375 0.09375
0 0.9921875 0.09700520833333333 0.015625 0.05078125
0 0.859375 0.19596354166666666 0.103515625 0.12109375
0 0.78662109375 0.24479166666666666 0.0615234375 0.09895833333333333
0 0.23291015625 0.25390625 0.0517578125 0.0703125
0 0.4169921875 0.283203125 0.0703125 0.061197916666666664
0 0.47705078125 0.3860677083333333 0.0810546875 0.06640625
0 0.87353515625 0.3997395833333333 0.0419921875 0.078125
0 0.78564453125 0.435546875 0.0751953125 0.14192708333333334
0 0.9912109375 0.4720052083333333 0.017578125 0.07421875
0 0.68115234375 0.5364583333333334 0.0498046875 0.11197916666666667
0 0.54443359375 0.5703125 0.1298828125 0.13541666666666666
0 0.947265625 0.568359375 0.0625 0.07421875
0 0.55126953125 0.6790364583333334 0.0771484375 0.12109375
0 0.884765625 0.7298177083333334 0.099609375 0.09505208333333333
0 0.2509765625 0.9029947916666666 0.076171875 0.08203125
0 0.36865234375 0.9772135416666666 0.1669921875 0.045572916666666664
0 0.9794921875 0.9733072916666666 0.0390625 0.05078125
0 0.90576171875 0.90625 0.1259765625 0.11458333333333333
0 0.90625 0.9680989583333334 0.087890625 0.061197916666666664
