0 0.22509765625 0.028645833333333332 0.0419921875 0.057291666666666664
0 0.94140625 0.07096354166666667 0.078125 0.10546875
0 0.330078125 0.09114583333333333 0.05859375 0.09114583333333333
0 0.9873046875 0.123046875 0.025390625 0.07421875
0 0.82373046875 0.20963541666666666 0.0986328125 0.11458333333333333
0 0.21044921875 0.29296875 0.0810546875 0.09635416666666667
0 0.81005859375 0.279296875 0.0166015625 0.032552083333333336
0 0.42333984375 0.3645833333333333 0.0947265625 0.06770833333333333
0 0.798828125 0.48828125 0.07421875 0.140625
0 0.98046875 0.4986979166666667 0.0390625 0.09635416666666667
0 0.4794921875 0.5358072916666666 0.193359375 0.09765625
0 0.93212890625 0.5670572916666666 0.0732421875 0.08203125
0 0.68994140625 0.6139322916666666 0.0517578125 0.09765625
0 0.521484375 0.6419270833333334 0.107421875 0.11458333333333333
0 0.91455078125 0.7135416666666666 0.0224609375 0.033854166666666664
0 0.8271484375 0.787109375 0.142578125 0.10807291666666667
0 0.8564453125 0.9453125 0.107421875 0.109375
0 0.42138671875 0.9622395833333334 0.0654296875 0.057291666666666664
0 0.32373046875 0.9908854166666666 0.0517578125 0.018229166666666668
0 0.1123046875 0.9967447916666666 0.03125 0.006510416666666667
0 0.607421875 0.07877604166666667 0.064453125 0.07161458333333333
0 0.630859375 0.11653645833333333 0.05859375 0.07942708333333333
