0 0.92724609375 0.0703125 0.0341796875 0.046875
0 0.357421875 0.107421875 0.05859375 0.06640625
0 0.7724609375 0.19010416666666666 0.0546875 0.125
0 0.8759765625 0.19401041666666666 0.052734375 0.057291666666666664
0 0.39111328125 0.20768229166666666 0.0498046875 0.06380208333333333
0 0.248046875 0.2571614583333333 0.046875 0.06640625
0 0.43310546875 0.2604166666666667 0.0673828125 0.059895833333333336
0 0.76953125 0.3977864583333333 0.0703125 0.13671875
0 0.98486328125 0.36328125 0.0302734375 0.06770833333333333
0 0.85986328125 0.412109375 0.0478515625 0.11588541666666667
0 0.48779296875 0.38671875 0.0439453125 0.049479166666666664
0 0.6552734375 0.4635416666666667 0.056640625 0.1015625
0 0.57421875 0.59765625 0.099609375 0.13802083333333334
0 0.5576171875 0.6861979166666666 0.046875 0.06770833333333333
0 0.90576171875 0.7005208333333334 0.0595703125 0.07291666666666667
0 0.23681640625 0.8880208333333334 0.0849609375 0.09375
0 0.63916015625 0.9915364583333334 0.0322265625 0.016927083333333332
