0 0.2275390625 0.037109375 0.0390625 0.07421875
0 0.94677734375 0.06640625 0.0830078125 0.1171875
0 0.330078125 0.08268229166666667 0.060546875 0.08984375
0 0.98779296875 0.138671875 0.0244140625 0.08463541666666667
0 0.46142578125 0.13736979166666666 0.0400390625 0.04296875
0 0.8125 0.20833333333333334 0.09375 0.10416666666666667
0 0.4140625 0.24609375 0.04296875 0.057291666666666664
0 0.19287109375 0.3138020833333333 0.0849609375 0.08854166666666667
0 0.40478515625 0.353515625 0.0810546875 0.06901041666666667
0 0.8037109375 0.5104166666666666 0.072265625 0.140625
0 0.97998046875 0.5026041666666666 0.0400390625 0.08854166666666667
0 0.923828125 0.5592447916666666 0.0703125 0.08463541666666667
0 0.17431640625 0.5755208333333334 0.0595703125 0.06510416666666667
0 0.69140625 0.6360677083333334 0.056640625 0.08984375
0 0.916015625 0.720703125 0.0390625 0.07161458333333333
0 0.81591796875 0.8040364583333334 0.1337890625 0.10286458333333333
0 0.84912109375 0.9563802083333334 0.0791015625 0.08723958333333333
0 0.4111328125 0.9713541666666666 0.068359375 0.057291666666666664
0 0.10400390625 0.9915364583333334 0.0869140625 0.016927083333333332
0 0.44140625 0.5442708333333334 0.212890625 0.1015625
0 0.4921875 0.6204427083333334 0.140625 0.11328125
0 0.61083984375 0.07942708333333333 0.0654296875 0.06770833333333333
0 0.62841796875 0.134765625 0.0615234375 0.08463541666666667
