0 0.22607421875 0.013671875 0.0419921875 0.02734375
0 0.64453125 0.07421875 0.068359375 0.08072916666666667
0 0.935546875 0.07421875 0.056640625 0.07291666666666667
0 0.34228515625 0.10091145833333333 0.0615234375 0.09244791666666667
0 0.8544921875 0.19661458333333334 0.10546875 0.125
0 0.22998046875 0.2591145833333333 0.0654296875 0.0859375
0 0.7900390625 0.2565104166666667 0.05859375 0.08072916666666667
0 0.412109375 0.2884114583333333 0.05859375 0.053385416666666664
0 0.4658203125 0.380859375 0.08203125 0.06380208333333333
0 0.8740234375 0.40234375 0.033203125 0.06770833333333333
0 0.7890625 0.4479166666666667 0.07421875 0.14322916666666666
0 0.986328125 0.4778645833333333 0.02734375 0.078125
0 0.52880859375 0.55859375 0.1455078125 0.12760416666666666
0 0.6845703125 0.556640625 0.048828125 0.11328125
0 0.9453125 0.5709635416666666 0.068359375 0.08203125
0 0.55029296875 0.6751302083333334 0.0791015625 0.12630208333333334
0 0.85791015625 0.7434895833333334 0.1396484375 0.10677083333333333
0 0.25390625 0.9088541666666666 0.0625 0.078125
0 0.36572265625 0.9778645833333334 0.1689453125 0.044270833333333336
0 0.9794921875 0.978515625 0.0390625 0.040364583333333336
0 0.8974609375 0.9095052083333334 0.14453125 0.11848958333333333
0 0.90625 0.9674479166666666 0.107421875 0.0625
