0 0.2265625 0.031901041666666664 0.037109375 0.06380208333333333
0 0.9462890625 0.06640625 0.08203125 0.11458333333333333
0 0.3291015625 0.08528645833333333 0.05859375 0.08463541666666667
0 0.9892578125 0.13541666666666666 0.021484375 0.08072916666666667
0 0.46044921875 0.13736979166666666 0.0361328125 0.040364583333333336
0 0.8115234375 0.2109375 0.09765625 0.10416666666666667
0 0.412109375 0.244140625 0.03125 0.048177083333333336
0 0.19580078125 0.3092447916666667 0.0830078125 0.08723958333333333
0 0.4072265625 0.3561197916666667 0.083984375 0.06640625
0 0.8017578125 0.5071614583333334 0.0703125 0.13932291666666666
0 0.98046875 0.5026041666666666 0.0390625 0.0859375
0 0.4404296875 0.5390625 0.201171875 0.09114583333333333
0 0.92578125 0.560546875 0.068359375 0.08203125
0 0.17333984375 0.5729166666666666 0.0517578125 0.0546875
0 0.49658203125 0.6236979166666666 0.1357421875 0.10416666666666667
0 0.69189453125 0.6328125 0.0498046875 0.08072916666666667
0 0.916015625 0.7194010416666666 0.03515625 0.06380208333333333
0 0.81689453125 0.798828125 0.1298828125 0.09765625
0 0.849609375 0.9602864583333334 0.076171875 0.07942708333333333
0 0.4130859375 0.9700520833333334 0.068359375 0.059895833333333336
0 0.1064453125 0.9934895833333334 0.07421875 0.013020833333333334
0 0.609375 0.07747395833333333 0.0625 0.07161458333333333
0 0.626953125 0.12890625 0.05859375 0.078125
