0 0.916015625 0.07356770833333333 0.033203125 0.048177083333333336
0 0.28857421875 0.14453125 0.0634765625 0.09114583333333333
0 0.38427734375 0.216796875 0.0458984375 0.07161458333333333
0 0.3017578125 0.302734375 0.10546875 0.11588541666666667
0 0.74169921875 0.3372395833333333 0.0673828125 0.10416666666666667
0 0.6005859375 0.3899739583333333 0.072265625 0.07942708333333333
0 0.0908203125 0.46875 0.083984375 0.17447916666666666
0 0.24267578125 0.4680989583333333 0.0927734375 0.17578125
0 0.82373046875 0.4485677083333333 0.0576171875 0.07682291666666667
0 0.39599609375 0.8190104166666666 0.0595703125 0.07552083333333333
0 0.7958984375 0.9752604166666666 0.091796875 0.049479166666666664
