0 0.22607421875 0.011067708333333334 0.0419921875 0.022135416666666668
0 0.93701171875 0.07096354166666667 0.0595703125 0.07682291666666667
0 0.64404296875 0.07747395833333333 0.0712890625 0.08463541666666667
0 0.34228515625 0.099609375 0.0595703125 0.09244791666666667
0 0.990234375 0.10481770833333333 0.01953125 0.06640625
0 0.85302734375 0.19856770833333334 0.1083984375 0.12890625
0 0.22998046875 0.2610677083333333 0.0654296875 0.08723958333333333
0 0.7919921875 0.2584635416666667 0.056640625 0.07161458333333333
0 0.41259765625 0.2884114583333333 0.0517578125 0.05078125
0 0.462890625 0.37890625 0.083984375 0.0625
0 0.875 0.400390625 0.033203125 0.061197916666666664
0 0.79052734375 0.4505208333333333 0.0732421875 0.140625
0 0.9873046875 0.482421875 0.025390625 0.08463541666666667
0 0.52783203125 0.556640625 0.1474609375 0.12630208333333334
0 0.685546875 0.5598958333333334 0.048828125 0.11197916666666667
0 0.94580078125 0.5696614583333334 0.0693359375 0.08463541666666667
0 0.54833984375 0.6731770833333334 0.0830078125 0.12760416666666666
0 0.85498046875 0.7467447916666666 0.1435546875 0.10807291666666667
0 0.25537109375 0.9075520833333334 0.0556640625 0.0703125
0 0.36376953125 0.9772135416666666 0.1650390625 0.045572916666666664
0 0.97998046875 0.978515625 0.0380859375 0.040364583333333336
0 0.9033203125 0.9654947916666666 0.10546875 0.06640625
0 0.89599609375 0.9069010416666666 0.1513671875 0.11328125
