0 0.91552734375 0.076171875 0.0341796875 0.048177083333333336
0 0.2880859375 0.13997395833333334 0.064453125 0.09765625
0 0.38330078125 0.21809895833333334 0.0458984375 0.06901041666666667
0 0.30615234375 0.3020833333333333 0.1064453125 0.1171875
0 0.73876953125 0.326171875 0.0673828125 0.10286458333333333
0 0.59375 0.3841145833333333 0.072265625 0.08072916666666667
0 0.09228515625 0.4765625 0.0869140625 0.19270833333333334
0 0.24462890625 0.4752604166666667 0.1005859375 0.1875
0 0.8173828125 0.4498697916666667 0.052734375 0.06901041666666667
0 0.39453125 0.814453125 0.0625 0.08463541666666667
0 0.79931640625 0.9720052083333334 0.0966796875 0.055989583333333336
