0 0.2275390625 0.030598958333333332 0.037109375 0.061197916666666664
0 0.94580078125 0.06575520833333333 0.0830078125 0.11588541666666667
0 0.3291015625 0.08333333333333333 0.060546875 0.08854166666666667
0 0.98681640625 0.13671875 0.0263671875 0.08333333333333333
0 0.46044921875 0.13736979166666666 0.0380859375 0.040364583333333336
0 0.8134765625 0.208984375 0.091796875 0.10286458333333333
0 0.4130859375 0.24609375 0.03515625 0.0546875
0 0.193359375 0.3098958333333333 0.083984375 0.08854166666666667
0 0.4052734375 0.3548177083333333 0.083984375 0.06901041666666667
0 0.80322265625 0.5065104166666666 0.0693359375 0.13802083333333334
0 0.98046875 0.5026041666666666 0.0390625 0.08854166666666667
0 0.9248046875 0.5592447916666666 0.06640625 0.08463541666666667
0 0.17333984375 0.57421875 0.0556640625 0.06510416666666667
0 0.6904296875 0.6328125 0.0546875 0.09114583333333333
0 0.916015625 0.71875 0.037109375 0.06770833333333333
0 0.81591796875 0.80078125 0.1337890625 0.109375
0 0.849609375 0.95703125 0.08203125 0.0859375
0 0.4130859375 0.9700520833333334 0.0703125 0.059895833333333336
0 0.1044921875 0.9915364583333334 0.0859375 0.016927083333333332
0 0.44384765625 0.541015625 0.2080078125 0.09505208333333333
0 0.4951171875 0.6217447916666666 0.13671875 0.11067708333333333
0 0.6083984375 0.07942708333333333 0.0625 0.06770833333333333
0 0.6279296875 0.12955729166666666 0.05859375 0.08463541666666667
