0 0.92333984375 0.0703125 0.0361328125 0.044270833333333336
0 0.3603515625 0.107421875 0.052734375 0.055989583333333336
0 0.76416015625 0.16731770833333334 0.0537109375 0.10807291666666667
0 0.287109375 0.15690104166666666 0.013671875 0.024739583333333332
0 0.388671875 0.21028645833333334 0.0546875 0.07161458333333333
0 0.25390625 0.2604166666666667 0.060546875 0.08333333333333333
0 0.43994140625 0.2513020833333333 0.0185546875 0.018229166666666668
0 0.76220703125 0.3743489583333333 0.0693359375 0.12630208333333334
0 0.9912109375 0.3522135416666667 0.017578125 0.04296875
0 0.8505859375 0.4303385416666667 0.052734375 0.10026041666666667
0 0.63671875 0.4342447916666667 0.06640625 0.09244791666666667
0 0.5849609375 0.6145833333333334 0.078125 0.11979166666666667
0 0.22998046875 0.8795572916666666 0.0693359375 0.08463541666666667
0 0.63525390625 0.9915364583333334 0.0341796875 0.016927083333333332
