0 0.91796875 0.07356770833333333 0.033203125 0.045572916666666664
0 0.2890625 0.150390625 0.05859375 0.08203125
0 0.75537109375 0.150390625 0.0283203125 0.05859375
0 0.384765625 0.216796875 0.046875 0.07161458333333333
0 0.2919921875 0.2962239583333333 0.09375 0.11328125
0 0.74609375 0.3444010416666667 0.068359375 0.10546875
0 0.60546875 0.396484375 0.0703125 0.07942708333333333
0 0.08544921875 0.453125 0.0732421875 0.14583333333333334
0 0.23828125 0.4622395833333333 0.07421875 0.14583333333333334
0 0.828125 0.4459635416666667 0.0546875 0.07942708333333333
0 0.58984375 0.6256510416666666 0.041015625 0.06380208333333333
0 0.39697265625 0.8229166666666666 0.0458984375 0.057291666666666664
0 0.79345703125 0.9791666666666666 0.0888671875 0.041666666666666664
