0 0.92041015625 0.07161458333333333 0.0341796875 0.041666666666666664
0 0.75732421875 0.15364583333333334 0.0419921875 0.0859375
0 0.29052734375 0.15364583333333334 0.0498046875 0.06510416666666667
0 0.38671875 0.21484375 0.048828125 0.07552083333333333
0 0.27001953125 0.2779947916666667 0.0771484375 0.10026041666666667
0 0.75244140625 0.3600260416666667 0.0693359375 0.12109375
0 0.61669921875 0.4095052083333333 0.0654296875 0.07942708333333333
0 0.08349609375 0.4446614583333333 0.0576171875 0.10546875
0 0.837890625 0.443359375 0.056640625 0.08723958333333333
0 0.2392578125 0.4453125 0.041015625 0.07291666666666667
0 0.58837890625 0.6236979166666666 0.0595703125 0.09375
0 0.40283203125 0.8268229166666666 0.0205078125 0.033854166666666664
0 0.78955078125 0.986328125 0.0771484375 0.02734375
