0 0.92333984375 0.0703125 0.0341796875 0.044270833333333336
0 0.3603515625 0.10611979166666667 0.0390625 0.03515625
0 0.76025390625 0.158203125 0.0458984375 0.09765625
0 0.29248046875 0.15494791666666666 0.0380859375 0.052083333333333336
0 0.38818359375 0.21354166666666666 0.0517578125 0.07291666666666667
0 0.2607421875 0.2682291666666667 0.0703125 0.09114583333333333
0 0.75732421875 0.3658854166666667 0.0693359375 0.125
0 0.9970703125 0.3502604166666667 0.005859375 0.0234375
0 0.62646484375 0.416015625 0.0634765625 0.07942708333333333
0 0.84423828125 0.4401041666666667 0.0517578125 0.0859375
0 0.0830078125 0.4427083333333333 0.041015625 0.06510416666666667
0 0.5869140625 0.62109375 0.068359375 0.109375
0 0.23193359375 0.8802083333333334 0.0478515625 0.057291666666666664
0 0.78955078125 0.9915364583333334 0.0654296875 0.016927083333333332
