0 0.2265625 0.01171875 0.04296875 0.0234375
0 0.93798828125 0.07161458333333333 0.0595703125 0.08333333333333333
0 0.6416015625 0.08072916666666667 0.072265625 0.09114583333333333
0 0.34130859375 0.099609375 0.0615234375 0.08984375
0 0.990234375 0.10546875 0.01953125 0.0703125
0 0.84814453125 0.19921875 0.1083984375 0.125
0 0.22900390625 0.2643229166666667 0.0673828125 0.08854166666666667
0 0.79296875 0.2623697916666667 0.056640625 0.07161458333333333
0 0.41064453125 0.2897135416666667 0.0478515625 0.048177083333333336
0 0.45947265625 0.3776041666666667 0.0888671875 0.0625
0 0.87451171875 0.4016927083333333 0.0263671875 0.055989583333333336
0 0.79150390625 0.453125 0.0732421875 0.14322916666666666
0 0.98583984375 0.4856770833333333 0.0283203125 0.08854166666666667
0 0.51806640625 0.5540364583333334 0.1611328125 0.12109375
0 0.68603515625 0.5690104166666666 0.0498046875 0.10416666666666667
0 0.9443359375 0.5690104166666666 0.068359375 0.08333333333333333
0 0.54833984375 0.6686197916666666 0.0830078125 0.12630208333333334
0 0.85009765625 0.751953125 0.1455078125 0.11067708333333333
0 0.25830078125 0.90625 0.0478515625 0.06510416666666667
0 0.43310546875 0.9440104166666666 0.0185546875 0.013020833333333334
0 0.36279296875 0.9778645833333334 0.1650390625 0.044270833333333336
0 0.978515625 0.9778645833333334 0.041015625 0.041666666666666664
0 0.90234375 0.962890625 0.111328125 0.07161458333333333
0 0.89599609375 0.908203125 0.1513671875 0.11067708333333333
