0 0.22607421875 0.016927083333333332 0.0439453125 0.033854166666666664
0 0.9404296875 0.07291666666666667 0.0703125 0.09114583333333333
0 0.3359375 0.09895833333333333 0.060546875 0.09114583333333333
0 0.60107421875 0.07161458333333333 0.0302734375 0.036458333333333336
0 0.6376953125 0.095703125 0.068359375 0.08723958333333333
0 0.98828125 0.11002604166666667 0.0234375 0.06380208333333333
0 0.8388671875 0.203125 0.107421875 0.125
0 0.2255859375 0.2747395833333333 0.072265625 0.09114583333333333
0 0.79931640625 0.2727864583333333 0.0478515625 0.05859375
0 0.4423828125 0.375 0.091796875 0.06510416666666667
0 0.79296875 0.4654947916666667 0.076171875 0.14453125
0 0.9833984375 0.48828125 0.033203125 0.09114583333333333
0 0.501953125 0.546875 0.171875 0.11197916666666667
0 0.9384765625 0.5729166666666666 0.072265625 0.08333333333333333
0 0.68798828125 0.5865885416666666 0.0458984375 0.10546875
0 0.54248046875 0.6640625 0.0849609375 0.125
0 0.8408203125 0.7669270833333334 0.1484375 0.11458333333333333
0 0.888671875 0.9283854166666666 0.15625 0.14322916666666666
0 0.431640625 0.9498697916666666 0.0390625 0.037760416666666664
0 0.35791015625 0.982421875 0.1552734375 0.03515625
0 0.98681640625 0.9915364583333334 0.0263671875 0.016927083333333332
