0 0.91552734375 0.08268229166666667 0.0341796875 0.05859375
0 0.29345703125 0.12760416666666666 0.0673828125 0.09635416666666667
0 0.3818359375 0.21940104166666666 0.041015625 0.061197916666666664
0 0.33251953125 0.3170572916666667 0.1103515625 0.10026041666666667
0 0.7314453125 0.310546875 0.0625 0.08984375
0 0.57861328125 0.3717447916666667 0.0732421875 0.08463541666666667
0 0.2568359375 0.4908854166666667 0.10546875 0.20572916666666666
0 0.10107421875 0.5026041666666666 0.0908203125 0.203125
0 0.8056640625 0.4524739583333333 0.052734375 0.06640625
0 0.390625 0.8098958333333334 0.072265625 0.09114583333333333
0 0.81005859375 0.962890625 0.0986328125 0.07421875
