0 0.9189453125 0.07291666666666667 0.033203125 0.044270833333333336
0 0.75634765625 0.15234375 0.0380859375 0.078125
0 0.291015625 0.15299479166666666 0.0546875 0.07161458333333333
0 0.3857421875 0.21744791666666666 0.048828125 0.07291666666666667
0 0.27587890625 0.2819010416666667 0.0751953125 0.09505208333333333
0 0.75 0.3522135416666667 0.06640625 0.11328125
0 0.61279296875 0.4029947916666667 0.0673828125 0.07682291666666667
0 0.0830078125 0.4440104166666667 0.064453125 0.11979166666666667
0 0.8349609375 0.4440104166666667 0.056640625 0.08333333333333333
0 0.23583984375 0.4505208333333333 0.0517578125 0.0859375
0 0.587890625 0.625 0.056640625 0.08333333333333333
0 0.40087890625 0.8294270833333334 0.0263671875 0.033854166666666664
0 0.7880859375 0.984375 0.087890625 0.03125
