0 0.29443359375 0.09635416666666667 0.0615234375 0.08854166666666667
0 0.912109375 0.09895833333333333 0.0390625 0.06770833333333333
0 0.87890625 0.24283854166666666 0.060546875 0.07942708333333333
0 0.71630859375 0.2779947916666667 0.0576171875 0.07421875
0 0.3515625 0.3294270833333333 0.060546875 0.0703125
0 0.55224609375 0.345703125 0.0693359375 0.09244791666666667
0 0.78857421875 0.4420572916666667 0.0576171875 0.06640625
0 0.63671875 0.43359375 0.0390625 0.036458333333333336
0 0.27880859375 0.537109375 0.1044921875 0.23567708333333334
0 0.10205078125 0.546875 0.0712890625 0.13802083333333334
0 0.38427734375 0.7962239583333334 0.0478515625 0.06640625
0 0.8330078125 0.9303385416666666 0.064453125 0.07682291666666667
