0 0.91845703125 0.072265625 0.0322265625 0.045572916666666664
0 0.28955078125 0.15169270833333334 0.0595703125 0.07682291666666667
0 0.7548828125 0.150390625 0.03125 0.06380208333333333
0 0.384765625 0.216796875 0.046875 0.07421875
0 0.28466796875 0.2916666666666667 0.0908203125 0.11458333333333333
0 0.7470703125 0.3483072916666667 0.068359375 0.10807291666666667
0 0.6083984375 0.3997395833333333 0.06640625 0.078125
0 0.08349609375 0.4498697916666667 0.0693359375 0.14192708333333334
0 0.23828125 0.4641927083333333 0.0703125 0.13932291666666666
0 0.83056640625 0.4453125 0.0576171875 0.08333333333333333
0 0.58837890625 0.6243489583333334 0.0458984375 0.06901041666666667
0 0.396484375 0.8255208333333334 0.041015625 0.052083333333333336
0 0.7919921875 0.98046875 0.0859375 0.0390625
