0 0.93017578125 0.07161458333333333 0.0400390625 0.052083333333333336
0 0.353515625 0.10416666666666667 0.060546875 0.07552083333333333
0 0.8671875 0.193359375 0.08203125 0.09505208333333333
0 0.77783203125 0.208984375 0.0576171875 0.12109375
0 0.39501953125 0.21028645833333334 0.0478515625 0.053385416666666664
0 0.43310546875 0.2688802083333333 0.0751953125 0.06380208333333333
0 0.98779296875 0.3717447916666667 0.0244140625 0.07682291666666667
0 0.77587890625 0.4108072916666667 0.0751953125 0.14192708333333334
0 0.8681640625 0.4055989583333333 0.05078125 0.10807291666666667
0 0.4853515625 0.3893229166666667 0.060546875 0.0625
0 0.66796875 0.490234375 0.05078125 0.11067708333333333
0 0.56494140625 0.5885416666666666 0.1142578125 0.14322916666666666
0 0.9501953125 0.5611979166666666 0.025390625 0.03125
0 0.556640625 0.6848958333333334 0.0625 0.09375
0 0.904296875 0.7083333333333334 0.0703125 0.0859375
0 0.24365234375 0.8938802083333334 0.0888671875 0.09244791666666667
0 0.9140625 0.90625 0.0546875 0.06770833333333333
0 0.42236328125 0.9895833333333334 0.0361328125 0.020833333333333332
