0 0.92138671875 0.07096354166666667 0.0361328125 0.04296875
0 0.35693359375 0.10481770833333333 0.0205078125 0.024739583333333332
0 0.75927734375 0.15690104166666666 0.0458984375 0.09505208333333333
0 0.29150390625 0.15559895833333334 0.0439453125 0.05859375
0 0.3876953125 0.21354166666666666 0.048828125 0.07552083333333333
0 0.2646484375 0.2727864583333333 0.072265625 0.09765625
0 0.755859375 0.3619791666666667 0.0703125 0.12239583333333333
0 0.62353515625 0.4127604166666667 0.0673828125 0.08333333333333333
0 0.08349609375 0.44140625 0.0458984375 0.0859375
0 0.84130859375 0.4407552083333333 0.0537109375 0.08463541666666667
0 0.587890625 0.62109375 0.064453125 0.10416666666666667
0 0.23193359375 0.8776041666666666 0.0400390625 0.049479166666666664
0 0.78759765625 0.9869791666666666 0.0810546875 0.026041666666666668
