0 0.2255859375 0.01171875 0.04296875 0.0234375
0 0.9375 0.0703125 0.060546875 0.08072916666666667
0 0.64208984375 0.07942708333333333 0.0732421875 0.08854166666666667
0 0.34130859375 0.09830729166666667 0.0615234375 0.09244791666666667
0 0.98974609375 0.10546875 0.0205078125 0.07291666666666667
0 0.8515625 0.197265625 0.109375 0.12369791666666667
0 0.2294921875 0.2610677083333333 0.06640625 0.08984375
0 0.79248046875 0.26171875 0.0576171875 0.06770833333333333
0 0.412109375 0.287109375 0.052734375 0.053385416666666664
0 0.4599609375 0.3782552083333333 0.087890625 0.06640625
0 0.87353515625 0.4016927083333333 0.0283203125 0.055989583333333336
0 0.79150390625 0.451171875 0.0732421875 0.14453125
0 0.986328125 0.4830729166666667 0.02734375 0.0859375
0 0.52294921875 0.5540364583333334 0.1533203125 0.12369791666666667
0 0.685546875 0.5670572916666666 0.048828125 0.10807291666666667
0 0.9443359375 0.5709635416666666 0.068359375 0.07942708333333333
0 0.54833984375 0.6692708333333334 0.0830078125 0.125
0 0.853515625 0.75 0.14453125 0.10677083333333333
0 0.25634765625 0.9075520833333334 0.0498046875 0.06510416666666667
0 0.4326171875 0.9446614583333334 0.01953125 0.01171875
0 0.36376953125 0.9765625 0.1669921875 0.046875
0 0.8955078125 0.9088541666666666 0.15234375 0.11197916666666667
0 0.90234375 0.96484375 0.109375 0.06770833333333333
0 0.97802734375 0.9791666666666666 0.0419921875 0.0390625
