0 0.22607421875 0.029296875 0.0380859375 0.05859375
0 0.94384765625 0.06770833333333333 0.0830078125 0.11458333333333333
0 0.32958984375 0.08528645833333333 0.0595703125 0.08984375
0 0.986328125 0.13216145833333334 0.02734375 0.08203125
0 0.45947265625 0.134765625 0.0283203125 0.029947916666666668
0 0.8154296875 0.208984375 0.09765625 0.10807291666666667
0 0.412109375 0.24544270833333334 0.017578125 0.02734375
0 0.19873046875 0.3020833333333333 0.0830078125 0.09635416666666667
0 0.412109375 0.3561197916666667 0.087890625 0.07161458333333333
0 0.80078125 0.501953125 0.072265625 0.13411458333333334
0 0.98046875 0.501953125 0.0390625 0.08984375
0 0.451171875 0.5345052083333334 0.197265625 0.08984375
0 0.9267578125 0.5631510416666666 0.072265625 0.08463541666666667
0 0.17529296875 0.5735677083333334 0.0419921875 0.05078125
0 0.501953125 0.626953125 0.12890625 0.11067708333333333
0 0.6904296875 0.6282552083333334 0.052734375 0.09505208333333333
0 0.916015625 0.7180989583333334 0.03515625 0.05859375
0 0.81787109375 0.7975260416666666 0.1357421875 0.10546875
0 0.849609375 0.951171875 0.08984375 0.09765625
0 0.416015625 0.9680989583333334 0.0703125 0.06380208333333333
0 0.107421875 0.994140625 0.072265625 0.01171875
0 0.60791015625 0.078125 0.0654296875 0.0703125
0 0.62890625 0.126953125 0.056640625 0.08723958333333333
