0 0.22607421875 0.030598958333333332 0.0380859375 0.061197916666666664
0 0.9443359375 0.06966145833333333 0.08203125 0.11328125
0 0.330078125 0.0859375 0.05859375 0.08854166666666667
0 0.98681640625 0.13346354166666666 0.0263671875 0.08203125
0 0.458984375 0.13606770833333334 0.029296875 0.03515625
0 0.81396484375 0.21028645833333334 0.0966796875 0.10807291666666667
0 0.412109375 0.24869791666666666 0.02734375 0.041666666666666664
0 0.19580078125 0.3079427083333333 0.0888671875 0.08723958333333333
0 0.4111328125 0.3567708333333333 0.0859375 0.0703125
0 0.8017578125 0.505859375 0.072265625 0.13671875
0 0.97998046875 0.501953125 0.0400390625 0.08984375
0 0.92578125 0.5625 0.072265625 0.0859375
0 0.17529296875 0.5735677083333334 0.0439453125 0.055989583333333336
0 0.68994140625 0.6295572916666666 0.0537109375 0.09244791666666667
0 0.91552734375 0.7194010416666666 0.0361328125 0.06640625
0 0.818359375 0.7981770833333334 0.134765625 0.10677083333333333
0 0.849609375 0.9524739583333334 0.087890625 0.09505208333333333
0 0.4150390625 0.96875 0.068359375 0.0625
0 0.10986328125 0.9934895833333334 0.0712890625 0.013020833333333334
0 0.44775390625 0.537109375 0.2001953125 0.09244791666666667
0 0.5 0.625 0.126953125 0.11197916666666667
0 0.60888671875 0.076171875 0.0634765625 0.06901041666666667
0 0.630859375 0.12760416666666666 0.056640625 0.078125
