0 0.6533203125 0.049479166666666664 0.029296875 0.036458333333333336
0 0.9306640625 0.0703125 0.046875 0.059895833333333336
0 0.34912109375 0.103515625 0.0615234375 0.07942708333333333
0 0.86474609375 0.19270833333333334 0.0927734375 0.11197916666666667
0 0.78125 0.2265625 0.05859375 0.10416666666666667
0 0.23486328125 0.24479166666666666 0.0302734375 0.041666666666666664
0 0.427734375 0.2766927083333333 0.072265625 0.061197916666666664
0 0.98974609375 0.37109375 0.0205078125 0.06510416666666667
0 0.77978515625 0.4231770833333333 0.0751953125 0.140625
0 0.87109375 0.400390625 0.048828125 0.09765625
0 0.48193359375 0.3880208333333333 0.0732421875 0.06510416666666667
0 0.6748046875 0.509765625 0.052734375 0.11588541666666667
0 0.55615234375 0.578125 0.1240234375 0.13541666666666666
0 0.9482421875 0.5638020833333334 0.052734375 0.0625
0 0.55322265625 0.6842447916666666 0.0712890625 0.11067708333333333
0 0.89697265625 0.7154947916666666 0.0791015625 0.08723958333333333
0 0.2470703125 0.8977864583333334 0.0859375 0.09244791666666667
0 0.90966796875 0.904296875 0.0927734375 0.08984375
0 0.912109375 0.9694010416666666 0.05078125 0.048177083333333336
0 0.97802734375 0.9680989583333334 0.0302734375 0.029947916666666668
0 0.38916015625 0.9817708333333334 0.1181640625 0.036458333333333336
