0 0.6494140625 0.060546875 0.044921875 0.05859375
0 0.9326171875 0.07161458333333333 0.05078125 0.0625
0 0.34814453125 0.10416666666666667 0.0595703125 0.08072916666666667
0 0.994140625 0.08919270833333333 0.01171875 0.022135416666666668
0 0.861328125 0.193359375 0.099609375 0.11848958333333333
0 0.78369140625 0.23763020833333334 0.0595703125 0.09505208333333333
0 0.23486328125 0.24674479166666666 0.0439453125 0.055989583333333336
0 0.4228515625 0.2799479166666667 0.072265625 0.057291666666666664
0 0.47998046875 0.3880208333333333 0.0751953125 0.06510416666666667
0 0.87158203125 0.4016927083333333 0.0458984375 0.09505208333333333
0 0.78369140625 0.4283854166666667 0.0791015625 0.13802083333333334
0 0.67822265625 0.5221354166666666 0.0517578125 0.11458333333333333
0 0.55126953125 0.5729166666666666 0.1318359375 0.13541666666666666
0 0.94921875 0.56640625 0.056640625 0.06770833333333333
0 0.552734375 0.6822916666666666 0.072265625 0.11458333333333333
0 0.8935546875 0.7200520833333334 0.0859375 0.09114583333333333
0 0.24755859375 0.8997395833333334 0.0830078125 0.08854166666666667
0 0.3779296875 0.978515625 0.146484375 0.04296875
0 0.9775390625 0.9713541666666666 0.0390625 0.046875
0 0.91162109375 0.96875 0.0732421875 0.059895833333333336
0 0.90771484375 0.90625 0.1142578125 0.10677083333333333
