0 0.22607421875 0.012369791666666666 0.0419921875 0.024739583333333332
0 0.93798828125 0.0703125 0.0615234375 0.08333333333333333
0 0.6416015625 0.08268229166666667 0.0703125 0.08723958333333333
0 0.34033203125 0.09895833333333333 0.0595703125 0.09375
0 0.98974609375 0.10481770833333333 0.0205078125 0.06901041666666667
0 0.8486328125 0.19856770833333334 0.10546875 0.12369791666666667
0 0.2294921875 0.2649739583333333 0.068359375 0.08723958333333333
0 0.79443359375 0.2630208333333333 0.0556640625 0.0703125
0 0.4052734375 0.2884114583333333 0.03515625 0.045572916666666664
0 0.45751953125 0.3763020833333333 0.0869140625 0.0625
0 0.87353515625 0.4010416666666667 0.0263671875 0.052083333333333336
0 0.7919921875 0.4544270833333333 0.072265625 0.14322916666666666
0 0.98583984375 0.4850260416666667 0.0283203125 0.08723958333333333
0 0.51611328125 0.5540364583333334 0.1611328125 0.12369791666666667
0 0.6865234375 0.5709635416666666 0.048828125 0.10546875
0 0.943359375 0.5716145833333334 0.068359375 0.08072916666666667
0 0.54736328125 0.6686197916666666 0.0830078125 0.12630208333333334
0 0.84716796875 0.7552083333333334 0.1455078125 0.11197916666666667
0 0.25732421875 0.908203125 0.0478515625 0.05859375
0 0.435546875 0.9440104166666666 0.0234375 0.020833333333333332
0 0.361328125 0.9772135416666666 0.162109375 0.045572916666666664
0 0.978515625 0.98046875 0.041015625 0.036458333333333336
0 0.8974609375 0.9075520833333334 0.15625 0.11458333333333333
0 0.90380859375 0.9635416666666666 0.1064453125 0.0703125
