0 0.22705078125 0.009765625 0.0283203125 0.01953125
0 0.64697265625 0.06640625 0.0576171875 0.07291666666666667
0 0.93359375 0.07096354166666667 0.052734375 0.06901041666666667
0 0.3447265625 0.10026041666666667 0.064453125 0.09375
0 0.9921875 0.09635416666666667 0.015625 0.0546875
0 0.8583984375 0.19401041666666666 0.103515625 0.12239583333333333
0 0.78662109375 0.24479166666666666 0.0595703125 0.08854166666666667
0 0.23291015625 0.25390625 0.0537109375 0.07552083333333333
0 0.416015625 0.2825520833333333 0.068359375 0.059895833333333336
0 0.4755859375 0.3841145833333333 0.080078125 0.06770833333333333
0 0.873046875 0.3990885416666667 0.04296875 0.08463541666666667
0 0.78564453125 0.4368489583333333 0.0751953125 0.14192708333333334
0 0.9892578125 0.4694010416666667 0.021484375 0.07421875
0 0.681640625 0.537109375 0.05078125 0.11328125
0 0.54248046875 0.5670572916666666 0.1318359375 0.13151041666666666
0 0.9462890625 0.5690104166666666 0.064453125 0.07552083333333333
0 0.55078125 0.6790364583333334 0.076171875 0.12369791666666667
0 0.88671875 0.7291666666666666 0.09375 0.09114583333333333
0 0.25 0.904296875 0.072265625 0.07942708333333333
0 0.3681640625 0.9778645833333334 0.1640625 0.044270833333333336
0 0.978515625 0.9759114583333334 0.041015625 0.045572916666666664
0 0.90234375 0.90625 0.126953125 0.11197916666666667
0 0.908203125 0.9700520833333334 0.087890625 0.057291666666666664
