0 0.29541015625 0.09114583333333333 0.0595703125 0.08333333333333333
0 0.91259765625 0.099609375 0.0380859375 0.06901041666666667
0 0.87841796875 0.2421875 0.0634765625 0.08072916666666667
0 0.71484375 0.2760416666666667 0.05859375 0.07291666666666667
0 0.353515625 0.3248697916666667 0.052734375 0.055989583333333336
0 0.55078125 0.3430989583333333 0.068359375 0.09244791666666667
0 0.787109375 0.4381510416666667 0.05859375 0.06380208333333333
0 0.63525390625 0.4329427083333333 0.0419921875 0.040364583333333336
0 0.27978515625 0.5403645833333334 0.1044921875 0.24479166666666666
0 0.10205078125 0.548828125 0.0673828125 0.13671875
0 0.38232421875 0.796875 0.0458984375 0.0625
0 0.83447265625 0.9283854166666666 0.0634765625 0.08072916666666667
