0 0.9140625 0.09049479166666667 0.03515625 0.061197916666666664
0 0.2958984375 0.10677083333333333 0.0625 0.08854166666666667
0 0.3798828125 0.216796875 0.029296875 0.037760416666666664
0 0.88427734375 0.24739583333333334 0.0458984375 0.059895833333333336
0 0.72265625 0.2903645833333333 0.056640625 0.07552083333333333
0 0.34521484375 0.3255208333333333 0.0888671875 0.0859375
0 0.56591796875 0.353515625 0.0712890625 0.08984375
0 0.26806640625 0.51953125 0.1142578125 0.24479166666666666
0 0.7978515625 0.4453125 0.0546875 0.06510416666666667
0 0.10498046875 0.5358072916666666 0.0791015625 0.15234375
0 0.3876953125 0.7994791666666666 0.06640625 0.08072916666666667
0 0.82666015625 0.9498697916666666 0.0791015625 0.09244791666666667
