0 0.2255859375 0.022135416666666668 0.044921875 0.044270833333333336
0 0.94189453125 0.07356770833333333 0.0732421875 0.09765625
0 0.33349609375 0.09700520833333333 0.0615234375 0.09244791666666667
0 0.98779296875 0.11783854166666667 0.0244140625 0.07421875
0 0.83056640625 0.20703125 0.1083984375 0.11979166666666667
0 0.22119140625 0.283203125 0.0732421875 0.09765625
0 0.80224609375 0.279296875 0.0400390625 0.048177083333333336
0 0.42919921875 0.3684895833333333 0.0947265625 0.06510416666666667
0 0.79541015625 0.478515625 0.0771484375 0.14192708333333334
0 0.98046875 0.494140625 0.0390625 0.09244791666666667
0 0.49169921875 0.5455729166666666 0.1826171875 0.10677083333333333
0 0.9365234375 0.572265625 0.07421875 0.08463541666666667
0 0.689453125 0.6022135416666666 0.048828125 0.09765625
0 0.53564453125 0.654296875 0.0908203125 0.12109375
0 0.83447265625 0.77734375 0.1474609375 0.1171875
0 0.87939453125 0.931640625 0.1494140625 0.13671875
0 0.427734375 0.9563802083333334 0.052734375 0.05078125
0 0.3466796875 0.986328125 0.119140625 0.02734375
0 0.60546875 0.07552083333333333 0.056640625 0.0546875
0 0.63330078125 0.10611979166666667 0.0634765625 0.08984375
