0 0.92236328125 0.07096354166666667 0.0341796875 0.045572916666666664
0 0.35986328125 0.10677083333333333 0.0458984375 0.049479166666666664
0 0.76171875 0.16471354166666666 0.05078125 0.10546875
0 0.29052734375 0.16015625 0.0263671875 0.0390625
0 0.3876953125 0.21223958333333334 0.052734375 0.07291666666666667
0 0.25732421875 0.2630208333333333 0.0654296875 0.0859375
0 0.76025390625 0.3704427083333333 0.0693359375 0.12890625
0 0.994140625 0.3470052083333333 0.01171875 0.03515625
0 0.63037109375 0.423828125 0.0654296875 0.08203125
0 0.84716796875 0.4361979166666667 0.0498046875 0.08854166666666667
0 0.08251953125 0.443359375 0.0126953125 0.024739583333333332
0 0.5859375 0.6171875 0.072265625 0.11458333333333333
0 0.228515625 0.8802083333333334 0.0625 0.0703125
0 0.634765625 0.9928385416666666 0.0234375 0.014322916666666666
0 0.78759765625 0.994140625 0.0498046875 0.01171875
