0 0.2255859375 0.013671875 0.044921875 0.02734375
0 0.93896484375 0.07161458333333333 0.0634765625 0.0859375
0 0.6396484375 0.08854166666666667 0.068359375 0.08854166666666667
0 0.33837890625 0.09895833333333333 0.0595703125 0.09114583333333333
0 0.60009765625 0.06640625 0.0107421875 0.015625
0 0.98974609375 0.10546875 0.0205078125 0.059895833333333336
0 0.84326171875 0.20052083333333334 0.1083984375 0.125
0 0.22802734375 0.2682291666666667 0.0712890625 0.0859375
0 0.79541015625 0.267578125 0.0517578125 0.06380208333333333
0 0.40673828125 0.2884114583333333 0.0302734375 0.040364583333333336
0 0.45068359375 0.3743489583333333 0.0849609375 0.061197916666666664
0 0.87451171875 0.3997395833333333 0.0205078125 0.0390625
0 0.79296875 0.4596354166666667 0.07421875 0.14583333333333334
0 0.98388671875 0.4869791666666667 0.0322265625 0.09114583333333333
0 0.50830078125 0.5514322916666666 0.1708984375 0.12369791666666667
0 0.6875 0.576171875 0.046875 0.11328125
0 0.94287109375 0.5709635416666666 0.0673828125 0.08203125
0 0.54541015625 0.6673177083333334 0.0849609375 0.12630208333333334
0 0.84521484375 0.7604166666666666 0.1474609375 0.109375
0 0.26025390625 0.9108072916666666 0.0361328125 0.045572916666666664
0 0.43505859375 0.9459635416666666 0.0322265625 0.02734375
0 0.35791015625 0.9772135416666666 0.1572265625 0.045572916666666664
0 0.97998046875 0.9830729166666666 0.0380859375 0.03125
0 0.892578125 0.9114583333333334 0.154296875 0.1171875
0 0.90087890625 0.962890625 0.1201171875 0.07161458333333333
