0 0.91552734375 0.08984375 0.0341796875 0.059895833333333336
0 0.29443359375 0.11067708333333333 0.0634765625 0.09114583333333333
0 0.38037109375 0.216796875 0.0302734375 0.040364583333333336
0 0.8837890625 0.248046875 0.04296875 0.055989583333333336
0 0.7236328125 0.291015625 0.056640625 0.07682291666666667
0 0.3447265625 0.32421875 0.091796875 0.0859375
0 0.56640625 0.3548177083333333 0.072265625 0.09244791666666667
0 0.26708984375 0.5188802083333334 0.1083984375 0.24088541666666666
0 0.79833984375 0.4446614583333333 0.0556640625 0.06901041666666667
0 0.10546875 0.53515625 0.078125 0.15364583333333334
0 0.3876953125 0.7994791666666666 0.06640625 0.08072916666666667
0 0.828125 0.9505208333333334 0.07421875 0.08333333333333333
