0 0.2255859375 0.01171875 0.037109375 0.0234375
0 0.64501953125 0.0703125 0.0693359375 0.08072916666666667
0 0.93505859375 0.07291666666666667 0.0576171875 0.07291666666666667
0 0.34375 0.1015625 0.0625 0.09114583333333333
0 0.99072265625 0.099609375 0.0185546875 0.06380208333333333
0 0.85498046875 0.1953125 0.1064453125 0.12239583333333333
0 0.78857421875 0.2526041666666667 0.0615234375 0.07552083333333333
0 0.23095703125 0.2578125 0.0595703125 0.08072916666666667
0 0.41357421875 0.2864583333333333 0.0654296875 0.0546875
0 0.46875 0.3828125 0.0859375 0.06510416666666667
0 0.8740234375 0.400390625 0.037109375 0.07161458333333333
0 0.7880859375 0.4453125 0.07421875 0.14322916666666666
0 0.98681640625 0.4752604166666667 0.0263671875 0.07552083333333333
0 0.6845703125 0.5501302083333334 0.048828125 0.11588541666666667
0 0.5322265625 0.5598958333333334 0.146484375 0.13020833333333334
0 0.9462890625 0.5696614583333334 0.064453125 0.07942708333333333
0 0.54931640625 0.673828125 0.0791015625 0.12630208333333334
0 0.8740234375 0.7337239583333334 0.111328125 0.09244791666666667
0 0.251953125 0.9055989583333334 0.064453125 0.07682291666666667
0 0.36572265625 0.9765625 0.1669921875 0.046875
0 0.8994140625 0.9049479166666666 0.140625 0.109375
0 0.97802734375 0.9778645833333334 0.0419921875 0.041666666666666664
0 0.9072265625 0.9674479166666666 0.09765625 0.0625
