0 0.2255859375 0.022786458333333332 0.04296875 0.045572916666666664
0 0.94091796875 0.07356770833333333 0.0732421875 0.09765625
0 0.33251953125 0.09700520833333333 0.0595703125 0.09244791666666667
0 0.9873046875 0.11848958333333333 0.025390625 0.07552083333333333
0 0.83154296875 0.20703125 0.1044921875 0.125
0 0.2197265625 0.2845052083333333 0.07421875 0.09244791666666667
0 0.80322265625 0.275390625 0.0341796875 0.053385416666666664
0 0.42919921875 0.3697916666666667 0.0908203125 0.0625
0 0.7958984375 0.48046875 0.076171875 0.140625
0 0.98046875 0.4947916666666667 0.0390625 0.09375
0 0.48828125 0.5436197916666666 0.1796875 0.10807291666666667
0 0.9345703125 0.5709635416666666 0.076171875 0.08203125
0 0.6884765625 0.6041666666666666 0.048828125 0.09635416666666667
0 0.53125 0.6529947916666666 0.09765625 0.12109375
0 0.83349609375 0.7819010416666666 0.1455078125 0.11588541666666667
0 0.87548828125 0.931640625 0.1416015625 0.13671875
0 0.42626953125 0.9563802083333334 0.0537109375 0.053385416666666664
0 0.34521484375 0.9876302083333334 0.1162109375 0.024739583333333332
0 0.6064453125 0.07486979166666667 0.05859375 0.05859375
0 0.63330078125 0.10546875 0.0634765625 0.08854166666666667
