0 0.9150390625 0.07942708333333333 0.033203125 0.052083333333333336
0 0.291015625 0.130859375 0.064453125 0.09765625
0 0.3818359375 0.21809895833333334 0.04296875 0.06640625
0 0.32421875 0.3118489583333333 0.11328125 0.11067708333333333
0 0.7333984375 0.3170572916666667 0.064453125 0.09244791666666667
0 0.5849609375 0.3763020833333333 0.0703125 0.08333333333333333
0 0.25 0.4837239583333333 0.11328125 0.20182291666666666
0 0.09814453125 0.4947916666666667 0.0908203125 0.20572916666666666
0 0.81005859375 0.451171875 0.0537109375 0.06901041666666667
0 0.39208984375 0.8125 0.0712890625 0.09375
0 0.8056640625 0.9661458333333334 0.099609375 0.06770833333333333
