0 0.91552734375 0.08203125 0.0341796875 0.057291666666666664
0 0.29345703125 0.13020833333333334 0.0673828125 0.09895833333333333
0 0.3818359375 0.220703125 0.04296875 0.06380208333333333
0 0.328125 0.314453125 0.111328125 0.11328125
0 0.73193359375 0.3151041666666667 0.0634765625 0.09375
0 0.58056640625 0.3743489583333333 0.0712890625 0.08723958333333333
0 0.255859375 0.4876302083333333 0.107421875 0.20442708333333334
0 0.10009765625 0.5 0.0888671875 0.20572916666666666
0 0.80810546875 0.4524739583333333 0.0517578125 0.06640625
0 0.3916015625 0.810546875 0.072265625 0.09244791666666667
0 0.80859375 0.9635416666666666 0.095703125 0.07291666666666667
