0 0.92236328125 0.07096354166666667 0.0341796875 0.045572916666666664
0 0.35791015625 0.10611979166666667 0.0380859375 0.037760416666666664
0 0.7607421875 0.15885416666666666 0.046875 0.1015625
0 0.2919921875 0.15755208333333334 0.0390625 0.044270833333333336
0 0.3876953125 0.21419270833333334 0.052734375 0.07421875
0 0.26220703125 0.2682291666666667 0.0693359375 0.09114583333333333
0 0.7578125 0.3671875 0.0703125 0.12760416666666666
0 0.99658203125 0.34765625 0.0068359375 0.03125
0 0.626953125 0.4186197916666667 0.06640625 0.08203125
0 0.8447265625 0.4381510416666667 0.052734375 0.08723958333333333
0 0.08154296875 0.4446614583333333 0.0341796875 0.053385416666666664
0 0.58740234375 0.62109375 0.0693359375 0.109375
0 0.22998046875 0.8815104166666666 0.0517578125 0.059895833333333336
0 0.78955078125 0.9928385416666666 0.0615234375 0.014322916666666666
