0 0.224609375 0.01953125 0.044921875 0.0390625
0 0.9404296875 0.07291666666666667 0.0703125 0.09635416666666667
0 0.33544921875 0.09830729166666667 0.0595703125 0.08984375
0 0.98779296875 0.11393229166666667 0.0244140625 0.06901041666666667
0 0.8349609375 0.20638020833333334 0.10546875 0.12369791666666667
0 0.2236328125 0.2786458333333333 0.072265625 0.09375
0 0.80078125 0.2760416666666667 0.04296875 0.0546875
0 0.43701171875 0.3717447916666667 0.0869140625 0.06640625
0 0.794921875 0.4752604166666667 0.076171875 0.140625
0 0.982421875 0.4921875 0.03515625 0.09114583333333333
0 0.49609375 0.5455729166666666 0.181640625 0.109375
0 0.9375 0.5729166666666666 0.07421875 0.08333333333333333
0 0.68896484375 0.5944010416666666 0.0498046875 0.10286458333333333
0 0.5380859375 0.65625 0.091796875 0.12239583333333333
0 0.83740234375 0.7734375 0.1474609375 0.11979166666666667
0 0.88623046875 0.9296875 0.1572265625 0.140625
0 0.42919921875 0.9537760416666666 0.0478515625 0.045572916666666664
0 0.3564453125 0.9850260416666666 0.142578125 0.029947916666666668
0 0.6025390625 0.07291666666666667 0.046875 0.044270833333333336
0 0.63671875 0.1015625 0.068359375 0.0859375
