0 0.9150390625 0.07877604166666667 0.03515625 0.053385416666666664
0 0.2900390625 0.134765625 0.064453125 0.09765625
0 0.384765625 0.21875 0.041015625 0.0703125
0 0.3173828125 0.306640625 0.12109375 0.11588541666666667
0 0.736328125 0.3209635416666667 0.06640625 0.09505208333333333
0 0.58935546875 0.380859375 0.0712890625 0.08203125
0 0.24853515625 0.4791666666666667 0.1123046875 0.203125
0 0.0966796875 0.4889322916666667 0.091796875 0.20182291666666666
0 0.8134765625 0.4524739583333333 0.052734375 0.06901041666666667
0 0.3935546875 0.8131510416666666 0.0703125 0.08984375
0 0.8037109375 0.9674479166666666 0.09765625 0.06510416666666667
