0 0.65380859375 0.045572916666666664 0.0185546875 0.0234375
0 0.93017578125 0.0703125 0.0458984375 0.057291666666666664
0 0.35009765625 0.10611979166666667 0.0615234375 0.07682291666666667
0 0.865234375 0.19270833333333334 0.091796875 0.10677083333333333
0 0.7802734375 0.22200520833333334 0.05859375 0.10807291666666667
0 0.39501953125 0.21223958333333334 0.0341796875 0.0390625
0 0.4287109375 0.2747395833333333 0.07421875 0.059895833333333336
0 0.98974609375 0.3763020833333333 0.0205078125 0.0703125
0 0.77880859375 0.4212239583333333 0.0751953125 0.14192708333333334
0 0.86962890625 0.4036458333333333 0.0498046875 0.09895833333333333
0 0.48291015625 0.3899739583333333 0.0693359375 0.06640625
0 0.67333984375 0.505859375 0.0517578125 0.10546875
0 0.55712890625 0.5813802083333334 0.1220703125 0.13671875
0 0.94970703125 0.5638020833333334 0.0439453125 0.057291666666666664
0 0.55322265625 0.6842447916666666 0.0693359375 0.10807291666666667
0 0.89892578125 0.71484375 0.0791015625 0.09114583333333333
0 0.24560546875 0.896484375 0.0869140625 0.08723958333333333
0 0.90966796875 0.9036458333333334 0.0830078125 0.0859375
0 0.91357421875 0.96875 0.0400390625 0.0390625
0 0.97509765625 0.9661458333333334 0.0224609375 0.026041666666666668
0 0.40185546875 0.9830729166666666 0.0849609375 0.033854166666666664
