0 0.6484375 0.061197916666666664 0.046875 0.057291666666666664
0 0.93212890625 0.07356770833333333 0.0498046875 0.06380208333333333
0 0.34765625 0.10286458333333333 0.0625 0.0859375
0 0.99365234375 0.08919270833333333 0.0126953125 0.02734375
0 0.86181640625 0.193359375 0.1005859375 0.12109375
0 0.78515625 0.23697916666666666 0.060546875 0.1015625
0 0.2353515625 0.24934895833333334 0.04296875 0.055989583333333336
0 0.4208984375 0.2805989583333333 0.0703125 0.055989583333333336
0 0.4794921875 0.3873697916666667 0.076171875 0.06640625
0 0.87109375 0.4010416666666667 0.04296875 0.08854166666666667
0 0.7841796875 0.4309895833333333 0.078125 0.140625
0 0.677734375 0.521484375 0.05078125 0.11848958333333333
0 0.55029296875 0.572265625 0.1318359375 0.13671875
0 0.94775390625 0.5651041666666666 0.0576171875 0.07291666666666667
0 0.552734375 0.6829427083333334 0.07421875 0.11588541666666667
0 0.8935546875 0.7213541666666666 0.08984375 0.09114583333333333
0 0.904296875 0.9049479166666666 0.11328125 0.10416666666666667
0 0.24853515625 0.9016927083333334 0.0791015625 0.08203125
0 0.91064453125 0.9720052083333334 0.0732421875 0.055989583333333336
0 0.98095703125 0.9765625 0.0380859375 0.046875
0 0.37353515625 0.978515625 0.1533203125 0.04296875
