0 0.9169921875 0.07486979166666667 0.033203125 0.045572916666666664
0 0.2900390625 0.14713541666666666 0.0625 0.08854166666666667
0 0.75732421875 0.14583333333333334 0.0185546875 0.03125
0 0.38427734375 0.21744791666666666 0.0458984375 0.0703125
0 0.29541015625 0.3001302083333333 0.1044921875 0.11848958333333333
0 0.7431640625 0.3391927083333333 0.06640625 0.10286458333333333
0 0.6025390625 0.3938802083333333 0.072265625 0.07682291666666667
0 0.08837890625 0.4622395833333333 0.0791015625 0.1640625
0 0.2421875 0.4661458333333333 0.0859375 0.1640625
0 0.8251953125 0.4479166666666667 0.056640625 0.07552083333333333
0 0.5908203125 0.6276041666666666 0.02734375 0.044270833333333336
0 0.39599609375 0.8209635416666666 0.0556640625 0.07421875
0 0.79638671875 0.9752604166666666 0.0927734375 0.049479166666666664
