0 0.2255859375 0.027994791666666668 0.04296875 0.055989583333333336
0 0.9423828125 0.07096354166666667 0.080078125 0.10546875
0 0.33056640625 0.09049479166666667 0.0595703125 0.08984375
0 0.98681640625 0.12434895833333333 0.0263671875 0.07161458333333333
0 0.822265625 0.208984375 0.099609375 0.11328125
0 0.2109375 0.2936197916666667 0.078125 0.09505208333333333
0 0.810546875 0.2805989583333333 0.015625 0.029947916666666668
0 0.42236328125 0.36328125 0.0966796875 0.06770833333333333
0 0.798828125 0.4908854166666667 0.07421875 0.140625
0 0.97900390625 0.5013020833333334 0.0419921875 0.09635416666666667
0 0.470703125 0.5319010416666666 0.19140625 0.09244791666666667
0 0.9326171875 0.5670572916666666 0.07421875 0.08463541666666667
0 0.68994140625 0.6184895833333334 0.0498046875 0.1015625
0 0.51904296875 0.6399739583333334 0.1083984375 0.11067708333333333
0 0.9150390625 0.7154947916666666 0.0234375 0.037760416666666664
0 0.826171875 0.7890625 0.140625 0.10677083333333333
0 0.8544921875 0.9459635416666666 0.10546875 0.10807291666666667
0 0.42138671875 0.9635416666666666 0.0673828125 0.059895833333333336
0 0.32373046875 0.9915364583333334 0.0478515625 0.016927083333333332
0 0.111328125 0.9967447916666666 0.03515625 0.006510416666666667
0 0.60693359375 0.07682291666666667 0.0654296875 0.06770833333333333
0 0.63232421875 0.11458333333333333 0.0615234375 0.08072916666666667
