0 0.91552734375 0.07486979166666667 0.0341796875 0.045572916666666664
0 0.28955078125 0.142578125 0.0634765625 0.09505208333333333
0 0.384765625 0.21744791666666666 0.044921875 0.0703125
0 0.3017578125 0.3040364583333333 0.1015625 0.11328125
0 0.74072265625 0.3313802083333333 0.0673828125 0.10286458333333333
0 0.5966796875 0.3873697916666667 0.07421875 0.08203125
0 0.09033203125 0.47265625 0.0849609375 0.18489583333333334
0 0.2431640625 0.4713541666666667 0.09375 0.17708333333333334
0 0.82177734375 0.44921875 0.0556640625 0.07291666666666667
0 0.39453125 0.818359375 0.060546875 0.07942708333333333
0 0.7978515625 0.9733072916666666 0.091796875 0.053385416666666664
