0 0.2255859375 0.028645833333333332 0.04296875 0.057291666666666664
0 0.94140625 0.07161458333333333 0.076171875 0.1015625
0 0.33056640625 0.09244791666666667 0.0595703125 0.09114583333333333
0 0.98681640625 0.12109375 0.0263671875 0.0703125
0 0.82373046875 0.20833333333333334 0.1005859375 0.1171875
0 0.2109375 0.2923177083333333 0.080078125 0.09505208333333333
0 0.80712890625 0.2819010416666667 0.0224609375 0.040364583333333336
0 0.4228515625 0.365234375 0.095703125 0.06901041666666667
0 0.7978515625 0.490234375 0.07421875 0.14192708333333334
0 0.97998046875 0.4993489583333333 0.0400390625 0.09505208333333333
0 0.47998046875 0.5384114583333334 0.1943359375 0.10026041666666667
0 0.9326171875 0.5690104166666666 0.07421875 0.0859375
0 0.68994140625 0.611328125 0.0498046875 0.09505208333333333
0 0.52099609375 0.6432291666666666 0.1103515625 0.1171875
0 0.9140625 0.7115885416666666 0.01953125 0.02734375
0 0.8271484375 0.787109375 0.14453125 0.11067708333333333
0 0.85888671875 0.943359375 0.1103515625 0.11328125
0 0.421875 0.9609375 0.0625 0.0546875
0 0.3271484375 0.9908854166666666 0.056640625 0.018229166666666668
0 0.60595703125 0.07682291666666667 0.0634765625 0.0625
0 0.63232421875 0.11328125 0.0615234375 0.08333333333333333
