0 0.22509765625 0.024739583333333332 0.0419921875 0.049479166666666664
0 0.94140625 0.07096354166666667 0.078125 0.10286458333333333
0 0.33056640625 0.09244791666666667 0.0595703125 0.08854166666666667
0 0.986328125 0.12109375 0.02734375 0.07291666666666667
0 0.82568359375 0.20833333333333334 0.1005859375 0.11979166666666667
0 0.212890625 0.2916666666666667 0.078125 0.09895833333333333
0 0.8056640625 0.2799479166666667 0.029296875 0.041666666666666664
0 0.423828125 0.365234375 0.095703125 0.06640625
0 0.79736328125 0.486328125 0.0751953125 0.13932291666666666
0 0.97998046875 0.4973958333333333 0.0400390625 0.09635416666666667
0 0.47998046875 0.5364583333333334 0.1884765625 0.09895833333333333
0 0.93408203125 0.5690104166666666 0.0732421875 0.08333333333333333
0 0.689453125 0.611328125 0.05078125 0.09505208333333333
0 0.52587890625 0.64453125 0.1005859375 0.1171875
0 0.91357421875 0.7115885416666666 0.0185546875 0.022135416666666668
0 0.82763671875 0.7858072916666666 0.1416015625 0.11328125
0 0.8603515625 0.9303385416666666 0.11328125 0.13932291666666666
0 0.42333984375 0.958984375 0.0615234375 0.053385416666666664
0 0.3271484375 0.9889322916666666 0.06640625 0.022135416666666668
0 0.60546875 0.07682291666666667 0.064453125 0.0625
0 0.63232421875 0.11393229166666667 0.0615234375 0.08463541666666667
