0 0.65283203125 0.052083333333333336 0.0361328125 0.046875
0 0.9306640625 0.07096354166666667 0.048828125 0.061197916666666664
0 0.349609375 0.10546875 0.0625 0.08072916666666667
0 0.86376953125 0.19140625 0.0966796875 0.11458333333333333
0 0.78173828125 0.22981770833333334 0.0595703125 0.10286458333333333
0 0.234375 0.2506510416666667 0.03515625 0.055989583333333336
0 0.42626953125 0.2766927083333333 0.0732421875 0.05859375
0 0.48193359375 0.3880208333333333 0.0751953125 0.06770833333333333
0 0.7822265625 0.4244791666666667 0.078125 0.140625
0 0.8701171875 0.4010416666666667 0.046875 0.09375
0 0.67626953125 0.5162760416666666 0.0498046875 0.11328125
0 0.55419921875 0.5768229166666666 0.1240234375 0.13802083333333334
0 0.9462890625 0.5651041666666666 0.056640625 0.0625
0 0.55224609375 0.68359375 0.0712890625 0.11197916666666667
0 0.89501953125 0.7174479166666666 0.0830078125 0.08854166666666667
0 0.9072265625 0.9036458333333334 0.099609375 0.09635416666666667
0 0.24609375 0.8990885416666666 0.08203125 0.08463541666666667
0 0.91259765625 0.96875 0.0634765625 0.049479166666666664
0 0.9814453125 0.9700520833333334 0.037109375 0.0390625
0 0.38330078125 0.9791666666666666 0.1337890625 0.041666666666666664
