0 0.2939453125 0.099609375 0.064453125 0.09244791666666667
0 0.91259765625 0.09505208333333333 0.0380859375 0.06770833333333333
0 0.375 0.21614583333333334 0.021484375 0.026041666666666668
0 0.88134765625 0.244140625 0.0556640625 0.07421875
0 0.7177734375 0.2825520833333333 0.056640625 0.078125
0 0.3486328125 0.3274739583333333 0.07421875 0.07421875
0 0.55615234375 0.3489583333333333 0.0693359375 0.09114583333333333
0 0.7919921875 0.4440104166666667 0.0546875 0.06770833333333333
0 0.275390625 0.5338541666666666 0.10546875 0.23697916666666666
0 0.63330078125 0.4329427083333333 0.0341796875 0.032552083333333336
0 0.10205078125 0.5436197916666666 0.0732421875 0.13932291666666666
0 0.38525390625 0.798828125 0.0615234375 0.07421875
0 0.83056640625 0.9375 0.0693359375 0.07552083333333333
