0 0.6484375 0.06510416666666667 0.052734375 0.0703125
0 0.93408203125 0.07291666666666667 0.0517578125 0.06770833333333333
0 0.34765625 0.10416666666666667 0.064453125 0.08854166666666667
0 0.99267578125 0.09830729166666667 0.0146484375 0.05078125
0 0.85986328125 0.1953125 0.1044921875 0.12239583333333333
0 0.78564453125 0.24544270833333334 0.0615234375 0.10286458333333333
0 0.23388671875 0.2545572916666667 0.0498046875 0.07161458333333333
0 0.41796875 0.283203125 0.0703125 0.061197916666666664
0 0.47802734375 0.3873697916666667 0.0791015625 0.06640625
0 0.873046875 0.4010416666666667 0.04296875 0.0859375
0 0.78662109375 0.4348958333333333 0.0771484375 0.14322916666666666
0 0.99072265625 0.4694010416666667 0.0185546875 0.07421875
0 0.681640625 0.53515625 0.05078125 0.11197916666666667
0 0.544921875 0.5696614583333334 0.130859375 0.13411458333333334
0 0.9482421875 0.568359375 0.060546875 0.07161458333333333
0 0.552734375 0.6809895833333334 0.076171875 0.11979166666666667
0 0.88818359375 0.7259114583333334 0.0927734375 0.09505208333333333
0 0.2509765625 0.9029947916666666 0.076171875 0.08463541666666667
0 0.98046875 0.9765625 0.0390625 0.046875
0 0.369140625 0.9778645833333334 0.1640625 0.044270833333333336
0 0.9033203125 0.9049479166666666 0.12109375 0.10416666666666667
0 0.908203125 0.9680989583333334 0.08203125 0.061197916666666664
