0 0.64794921875 0.064453125 0.0517578125 0.07161458333333333
0 0.93310546875 0.07291666666666667 0.0517578125 0.06510416666666667
0 0.34716796875 0.10546875 0.0615234375 0.08333333333333333
0 0.99365234375 0.099609375 0.0126953125 0.045572916666666664
0 0.861328125 0.19270833333333334 0.103515625 0.12239583333333333
0 0.7861328125 0.24283854166666666 0.060546875 0.09765625
0 0.23486328125 0.251953125 0.0478515625 0.06901041666666667
0 0.42041015625 0.283203125 0.0693359375 0.06380208333333333
0 0.47802734375 0.388671875 0.0771484375 0.06901041666666667
0 0.78515625 0.4329427083333333 0.078125 0.14453125
0 0.87353515625 0.4016927083333333 0.0419921875 0.08463541666666667
0 0.9912109375 0.4680989583333333 0.017578125 0.07161458333333333
0 0.6796875 0.533203125 0.05078125 0.11328125
0 0.5458984375 0.5709635416666666 0.130859375 0.13411458333333334
0 0.947265625 0.5703125 0.0625 0.0703125
0 0.55322265625 0.6829427083333334 0.0751953125 0.11848958333333333
0 0.88720703125 0.7252604166666666 0.0966796875 0.09114583333333333
0 0.25048828125 0.9010416666666666 0.0771484375 0.0859375
0 0.37158203125 0.9772135416666666 0.1572265625 0.045572916666666664
0 0.98095703125 0.9765625 0.0380859375 0.046875
0 0.90478515625 0.908203125 0.1201171875 0.11067708333333333
0 0.9111328125 0.970703125 0.078125 0.055989583333333336
